Device: cuda
Logging to: ./checkpoints/MATR\Info_log.txt

Loading BML data...
Loading BML .npz feature files...
  Loaded 143 BML cells
TestCellName = ['MATR_b3c17', 'MATR_b3c40', 'MATR_b3c14', 'MATR_b3c8',
                'MATR_b2c47', 'MATR_b1c0', 'MATR_b4c1', 'MATR_b2c39',
                'MATR_b2c13', 'MATR_b1c34', 'MATR_b2c41', 'MATR_b4c11',
                'MATR_b1c5', 'MATR_b2c44']
Split — Train: 115  Val: 14   Test: 14
Building train dataset...
  Total index entries: 50705
  Class 0: 10141 samples
  Class 1: 10141 samples
  Class 2: 10141 samples
  Class 3: 10141 samples
  Class 4: 10141 samples
  Fitting scalers on subset...
  Scalers fitted.
Building val dataset...
  Total index entries: 6375
  Class 0: 1275 samples
  Class 1: 1275 samples
  Class 2: 1275 samples
  Class 3: 1275 samples
  Class 4: 1275 samples
Building test dataset...
  Total index entries: 5820
  Class 0: 1164 samples
  Class 1: 1164 samples
  Class 2: 1164 samples
  Class 3: 1164 samples
  Class 4: 1164 samples
summary_feats: 12
Model parameters: 48,293

Model Summary:
================================================================================
  Layer                                  Output Shape                  Params
--------------------------------------------------------------------------------
  Conv1d                                 (16, 16, 1000)                    96
  BatchNorm1d                            (16, 16, 1000)                    32
  ELU                                    (16, 16, 1000)                     0
  Dropout                                (16, 16, 1000)                     0
  MaxPool1d                              (16, 16, 500)                      0
  Conv1d                                 (16, 32, 500)                  2,592
  BatchNorm1d                            (16, 32, 500)                     64
  ELU                                    (16, 32, 500)                      0
  Dropout                                (16, 32, 500)                      0
  MaxPool1d                              (16, 32, 250)                      0
  Conv1d                                 (16, 32, 250)                  5,152
  BatchNorm1d                            (16, 32, 250)                     64
  ELU                                    (16, 32, 250)                      0
  Dropout                                (16, 32, 250)                      0
  AdaptiveAvgPool1d                      (16, 32, 1)                        0
  Linear                                 (1, 16, 32)                      416
  ELU                                    (1, 16, 32)                        0
  Dropout                                (1, 16, 32)                        0
  Dropout                                (1, 16, 64)                        0
  GRU                                    ?                             37,632
  Dropout                                (1, 64)                            0
  Linear                                 (1, 32)                        2,080
  ELU                                    (1, 32)                            0
  Dropout                                (1, 32)                            0
  Linear                                 (1, 5)                           165
================================================================================
  Total trainable parameters                                           48,293
================================================================================

Loss: OrdinalLoss

Epoch |   TrLoss |   TrAcc |   VaLoss |   VaAcc |       LR
----------------------------------------------------------
    1 |   0.4996 |  0.7931 |   0.5057 |  0.8036 | 1.00e-03
    2 |   0.3174 |  0.8676 |   0.5870 |  0.7896 | 1.00e-03
    3 |   0.2749 |  0.8832 |   0.6305 |  0.7964 | 1.00e-03
    4 |   0.2521 |  0.8939 |   0.6463 |  0.8017 | 1.00e-03
    5 |   0.2289 |  0.9021 |   0.5887 |  0.8002 | 1.00e-03
    6 |   0.2142 |  0.9083 |   0.9337 |  0.6965 | 1.00e-03
    7 |   0.2022 |  0.9120 |   0.6890 |  0.7631 | 1.00e-03
    8 |   0.1966 |  0.9165 |   0.5670 |  0.8215 | 1.00e-03
    9 |   0.1845 |  0.9214 |   0.5545 |  0.8202 | 1.00e-03
   10 |   0.1752 |  0.9255 |   0.5861 |  0.7995 | 1.00e-03
   11 |   0.1686 |  0.9289 |   0.7746 |  0.7840 | 1.00e-03
   12 |   0.1673 |  0.9297 |   0.5238 |  0.8322 | 1.00e-03
   13 |   0.1583 |  0.9327 |   0.8588 |  0.7807 | 1.00e-03
   14 |   0.1534 |  0.9359 |   0.6329 |  0.8083 | 1.00e-03
   15 |   0.1522 |  0.9371 |   0.6388 |  0.8160 | 1.00e-03
   16 |   0.1424 |  0.9402 |   1.2499 |  0.6979 | 1.00e-03
   17 |   0.1420 |  0.9403 |   0.7958 |  0.7955 | 1.00e-03
   18 |   0.1377 |  0.9426 |   0.7434 |  0.8024 | 1.00e-03
   19 |   0.1338 |  0.9441 |   0.7943 |  0.7834 | 5.00e-04
   20 |   0.1139 |  0.9529 |   0.6958 |  0.8191 | 5.00e-04
   21 |   0.1107 |  0.9539 |   0.6291 |  0.8375 | 5.00e-04
   22 |   0.1107 |  0.9538 |   0.6509 |  0.8356 | 5.00e-04
   23 |   0.1077 |  0.9542 |   0.6820 |  0.8312 | 5.00e-04
   24 |   0.1057 |  0.9556 |   0.6800 |  0.8296 | 5.00e-04
   25 |   0.1062 |  0.9563 |   0.6498 |  0.8408 | 5.00e-04
   26 |   0.1053 |  0.9562 |   0.6631 |  0.8419 | 5.00e-04
   27 |   0.1044 |  0.9563 |   0.6116 |  0.8452 | 5.00e-04
   28 |   0.1030 |  0.9571 |   0.7578 |  0.8216 | 5.00e-04
   29 |   0.1020 |  0.9579 |   0.6840 |  0.8403 | 5.00e-04
   30 |   0.0989 |  0.9594 |   0.6399 |  0.8505 | 5.00e-04
   31 |   0.1017 |  0.9581 |   0.6865 |  0.8348 | 5.00e-04
   32 |   0.0987 |  0.9586 |   0.7270 |  0.8301 | 5.00e-04
   33 |   0.0983 |  0.9596 |   0.6516 |  0.8394 | 5.00e-04
   34 |   0.0970 |  0.9612 |   0.7246 |  0.8403 | 5.00e-04
   35 |   0.0974 |  0.9601 |   0.7075 |  0.8378 | 5.00e-04
   36 |   0.0961 |  0.9602 |   0.7936 |  0.8275 | 5.00e-04
   37 |   0.0974 |  0.9594 |   0.7717 |  0.8216 | 2.50e-04
   38 |   0.0855 |  0.9642 |   0.7741 |  0.8373 | 2.50e-04
   39 |   0.0826 |  0.9659 |   0.7415 |  0.8345 | 2.50e-04
   40 |   0.0824 |  0.9652 |   0.7599 |  0.8428 | 2.50e-04
   41 |   0.0807 |  0.9666 |   1.2696 |  0.7170 | 2.50e-04
   42 |   0.0821 |  0.9668 |   0.7810 |  0.8162 | 2.50e-04
   43 |   0.0791 |  0.9673 |   1.3130 |  0.7172 | 2.50e-04
   44 |   0.0801 |  0.9661 |   0.7607 |  0.8375 | 1.25e-04
   45 |   0.0765 |  0.9677 |   1.3711 |  0.7002 | 1.25e-04
   46 |   0.0730 |  0.9699 |   0.8555 |  0.8337 | 1.25e-04
   47 |   0.0731 |  0.9701 |   0.8493 |  0.8372 | 1.25e-04
   48 |   0.0745 |  0.9694 |   0.8915 |  0.8124 | 1.25e-04
   49 |   0.0723 |  0.9708 |   0.8226 |  0.8328 | 1.25e-04
   50 |   0.0723 |  0.9706 |   0.8248 |  0.8431 | 1.25e-04

============================================================

Test Loss: 0.9790  Accuracy: 0.8177

Classification Report:
              precision    recall  f1-score   support

     RUL>400       0.89      0.87      0.88      1164
     RUL>300       0.75      0.59      0.66      1164
     RUL>200       0.68      0.82      0.74      1164
     RUL>100       0.82      0.91      0.86      1164
     RUL<100       0.99      0.89      0.94      1164

    accuracy                           0.82      5820
   macro avg       0.82      0.82      0.82      5820
weighted avg       0.82      0.82      0.82      5820

Confusion Matrix:
[[1018  135   11    0    0]
 [ 132  690  342    0    0]
 [   0   95  956  113    0]
 [   0    0  100 1055    9]
 [   0    0    0  124 1040]]

Saved to ./checkpoints/MATR/
