Device: cuda
Logging to: ./checkpoints/HUST\Info_log.txt

Loading BML data...
Loading BML .npz feature files...
  Loaded 77 BML cells
TestCellName = ['HUST_7-5', 'HUST_6-3', 'HUST_6-6', 'HUST_7-6',
                'HUST_5-4', 'HUST_3-2', 'HUST_2-4']
Split — Train: 63  Val: 7   Test: 7
Building train dataset...
  Total index entries: 30555
  Class 0: 6111 samples
  Class 1: 6111 samples
  Class 2: 6111 samples
  Class 3: 6111 samples
  Class 4: 6111 samples
  Fitting scalers on subset...
  Scalers fitted.
Building val dataset...
  Total index entries: 3395
  Class 0: 679 samples
  Class 1: 679 samples
  Class 2: 679 samples
  Class 3: 679 samples
  Class 4: 679 samples
Building test dataset...
  Total index entries: 3395
  Class 0: 679 samples
  Class 1: 679 samples
  Class 2: 679 samples
  Class 3: 679 samples
  Class 4: 679 samples
summary_feats: 12
Model parameters: 48,293

Model Summary:
================================================================================
  Layer                                  Output Shape                  Params
--------------------------------------------------------------------------------
  Conv1d                                 (16, 16, 1000)                    96
  BatchNorm1d                            (16, 16, 1000)                    32
  ELU                                    (16, 16, 1000)                     0
  Dropout                                (16, 16, 1000)                     0
  MaxPool1d                              (16, 16, 500)                      0
  Conv1d                                 (16, 32, 500)                  2,592
  BatchNorm1d                            (16, 32, 500)                     64
  ELU                                    (16, 32, 500)                      0
  Dropout                                (16, 32, 500)                      0
  MaxPool1d                              (16, 32, 250)                      0
  Conv1d                                 (16, 32, 250)                  5,152
  BatchNorm1d                            (16, 32, 250)                     64
  ELU                                    (16, 32, 250)                      0
  Dropout                                (16, 32, 250)                      0
  AdaptiveAvgPool1d                      (16, 32, 1)                        0
  Linear                                 (1, 16, 32)                      416
  ELU                                    (1, 16, 32)                        0
  Dropout                                (1, 16, 32)                        0
  Dropout                                (1, 16, 64)                        0
  GRU                                    ?                             37,632
  Dropout                                (1, 64)                            0
  Linear                                 (1, 32)                        2,080
  ELU                                    (1, 32)                            0
  Dropout                                (1, 32)                            0
  Linear                                 (1, 5)                           165
================================================================================
  Total trainable parameters                                           48,293
================================================================================

Loss: OrdinalLoss

Epoch |   TrLoss |   TrAcc |   VaLoss |   VaAcc |       LR
----------------------------------------------------------
    1 |   0.5322 |  0.7796 |   0.6770 |  0.7149 | 1.00e-03
    2 |   0.3341 |  0.8601 |   0.5564 |  0.7594 | 1.00e-03
    3 |   0.2800 |  0.8844 |   0.5202 |  0.8047 | 1.00e-03
    4 |   0.2571 |  0.8908 |   0.6313 |  0.7617 | 1.00e-03
    5 |   0.2402 |  0.8998 |   0.5049 |  0.8035 | 1.00e-03
    6 |   0.2180 |  0.9078 |   0.6374 |  0.7700 | 1.00e-03
    7 |   0.2092 |  0.9140 |   0.4206 |  0.8451 | 1.00e-03
    8 |   0.1996 |  0.9162 |   0.3380 |  0.8580 | 1.00e-03
    9 |   0.1831 |  0.9224 |   0.2701 |  0.8860 | 1.00e-03
   10 |   0.1767 |  0.9259 |   0.3494 |  0.8660 | 1.00e-03
   11 |   0.1685 |  0.9299 |   0.4217 |  0.8409 | 1.00e-03
   12 |   0.1616 |  0.9309 |   0.3918 |  0.8695 | 1.00e-03
   13 |   0.1587 |  0.9318 |   0.4647 |  0.8524 | 1.00e-03
   14 |   0.1561 |  0.9336 |   0.4700 |  0.8498 | 1.00e-03
   15 |   0.1488 |  0.9375 |   0.4304 |  0.8536 | 1.00e-03
   16 |   0.1464 |  0.9383 |   0.4869 |  0.8636 | 5.00e-04
   17 |   0.1194 |  0.9498 |   0.5783 |  0.8566 | 5.00e-04
   18 |   0.1228 |  0.9480 |   0.4637 |  0.8695 | 5.00e-04
   19 |   0.1161 |  0.9523 |   0.4580 |  0.8819 | 5.00e-04
   20 |   0.1111 |  0.9521 |   0.5353 |  0.8725 | 5.00e-04
   21 |   0.1168 |  0.9514 |   0.6326 |  0.8457 | 5.00e-04
   22 |   0.1179 |  0.9503 |   0.5512 |  0.8613 | 5.00e-04
   23 |   0.1073 |  0.9562 |   0.4610 |  0.8624 | 2.50e-04
   24 |   0.0994 |  0.9567 |   0.5398 |  0.8751 | 2.50e-04
   25 |   0.0963 |  0.9589 |   0.5346 |  0.8672 | 2.50e-04
   26 |   0.0990 |  0.9578 |   0.5713 |  0.8633 | 2.50e-04
   27 |   0.1008 |  0.9570 |   0.5476 |  0.8713 | 2.50e-04
   28 |   0.0982 |  0.9588 |   0.5397 |  0.8736 | 2.50e-04
   29 |   0.0932 |  0.9600 |   0.4747 |  0.8695 | 2.50e-04
   30 |   0.0922 |  0.9615 |   0.5949 |  0.8645 | 1.25e-04
   31 |   0.0841 |  0.9634 |   0.5562 |  0.8672 | 1.25e-04
   32 |   0.0858 |  0.9639 |   0.5927 |  0.8654 | 1.25e-04
   33 |   0.0840 |  0.9647 |   0.6036 |  0.8677 | 1.25e-04
   34 |   0.0839 |  0.9642 |   0.6163 |  0.8610 | 1.25e-04
   35 |   0.0864 |  0.9638 |   0.5675 |  0.8686 | 1.25e-04
   36 |   0.0838 |  0.9651 |   0.6406 |  0.8669 | 1.25e-04
   37 |   0.0834 |  0.9650 |   0.5838 |  0.8686 | 6.25e-05
   38 |   0.0773 |  0.9678 |   0.6288 |  0.8657 | 6.25e-05
   39 |   0.0799 |  0.9664 |   0.6182 |  0.8701 | 6.25e-05
   40 |   0.0829 |  0.9651 |   0.6392 |  0.8627 | 6.25e-05
   41 |   0.0793 |  0.9670 |   0.6285 |  0.8660 | 6.25e-05
   42 |   0.0773 |  0.9670 |   0.6175 |  0.8683 | 6.25e-05
   43 |   0.0770 |  0.9674 |   0.6218 |  0.8698 | 6.25e-05
   44 |   0.0772 |  0.9673 |   0.6063 |  0.8722 | 3.13e-05
   45 |   0.0780 |  0.9669 |   0.6497 |  0.8672 | 3.13e-05
   46 |   0.0787 |  0.9668 |   0.6295 |  0.8692 | 3.13e-05
   47 |   0.0774 |  0.9672 |   0.6056 |  0.8686 | 3.13e-05
   48 |   0.0767 |  0.9676 |   0.6591 |  0.8672 | 3.13e-05
   49 |   0.0755 |  0.9688 |   0.6360 |  0.8692 | 3.13e-05
   50 |   0.0781 |  0.9663 |   0.6093 |  0.8689 | 3.13e-05

============================================================

Test Loss: 0.4196  Accuracy: 0.8465

Classification Report:
              precision    recall  f1-score   support

     RUL>400       0.90      0.98      0.94       679
     RUL>300       0.79      0.79      0.79       679
     RUL>200       0.74      0.80      0.77       679
     RUL>100       0.82      0.83      0.83       679
     RUL<100       1.00      0.84      0.91       679

    accuracy                           0.85      3395
   macro avg       0.85      0.85      0.85      3395
weighted avg       0.85      0.85      0.85      3395

Confusion Matrix:
[[666  13   0   0   0]
 [ 74 536  69   0   0]
 [  0 128 541  10   0]
 [  0   0 118 561   0]
 [  0   0   0 109 570]]

Saved to ./checkpoints/HUST/
