Device: cuda
Logging to: ./checkpoints/ISU\Info_log.txt

Loading BML data...
Loading BML .npz feature files...
  Loaded 240 BML cells
TestCellName = ['ISU-ILCC_G53C4', 'ISU-ILCC_G48C2', 'ISU-ILCC_G40C2', 'ISU-ILCC_G6C4',
                'ISU-ILCC_G23C3', 'ISU-ILCC_G5C2', 'ISU-ILCC_G12C4', 'ISU-ILCC_G31C2',
                'ISU-ILCC_G51C4', 'ISU-ILCC_G43C3', 'ISU-ILCC_G62C1', 'ISU-ILCC_G9C3',
                'ISU-ILCC_G55C2', 'ISU-ILCC_G38C2', 'ISU-ILCC_G40C3', 'ISU-ILCC_G54C1',
                'ISU-ILCC_G52C3', 'ISU-ILCC_G43C1', 'ISU-ILCC_G20C2', 'ISU-ILCC_G62C2',
                'ISU-ILCC_G62C3', 'ISU-ILCC_G36C2', 'ISU-ILCC_G7C3', 'ISU-ILCC_G18C3']
Split — Train: 192  Val: 24   Test: 24
Building train dataset...
  Total index entries: 74355
  Class 0: 14871 samples
  Class 1: 14871 samples
  Class 2: 14871 samples
  Class 3: 14871 samples
  Class 4: 14871 samples
  Fitting scalers on subset...
  Scalers fitted.
Building val dataset...
  Total index entries: 7545
  Class 0: 1509 samples
  Class 1: 1509 samples
  Class 2: 1509 samples
  Class 3: 1509 samples
  Class 4: 1509 samples
Building test dataset...
  Total index entries: 9030
  Class 0: 1806 samples
  Class 1: 1806 samples
  Class 2: 1806 samples
  Class 3: 1806 samples
  Class 4: 1806 samples
summary_feats: 12
Model parameters: 37,125

Model Summary:
================================================================================
  Layer                                  Output Shape                  Params
--------------------------------------------------------------------------------
  Conv1d                                 (16, 32, 1000)                   192
  BatchNorm1d                            (16, 32, 1000)                    64
  GELU                                   (16, 32, 1000)                     0
  Dropout                                (16, 32, 1000)                     0
  MaxPool1d                              (16, 32, 500)                      0
  Conv1d                                 (16, 64, 500)                 10,304
  BatchNorm1d                            (16, 64, 500)                    128
  GELU                                   (16, 64, 500)                      0
  Dropout                                (16, 64, 500)                      0
  MaxPool1d                              (16, 64, 250)                      0
  Conv1d                                 (16, 32, 250)                 10,272
  BatchNorm1d                            (16, 32, 250)                     64
  GELU                                   (16, 32, 250)                      0
  Dropout                                (16, 32, 250)                      0
  AdaptiveAvgPool1d                      (16, 32, 1)                        0
  Linear                                 (1, 16, 32)                      416
  GELU                                   (1, 16, 32)                        0
  Dropout                                (1, 16, 32)                        0
  Dropout                                (1, 16, 64)                        0
  Linear                                 (1, 16, 32)                    2,080
  LayerNorm                              (1, 16, 32)                       64
  Dropout                                (1, 16, 32)                        0
  LayerNorm                              (1, 16, 32)                       64
  Linear                                 (1, 16, 32)                    1,056
  Dropout                                (1, 16, 32)                        0
  Linear                                 (1, 16, 32)                    1,056
  Dropout                                (1, 16, 32)                        0
  LayerNorm                              (1, 16, 32)                       64
  Dropout                                (1, 16, 32)                        0
  LayerNorm                              (1, 16, 32)                       64
  Linear                                 (1, 16, 32)                    1,056
  Dropout                                (1, 16, 32)                        0
  Linear                                 (1, 16, 32)                    1,056
  Dropout                                (1, 16, 32)                        0
  LayerNorm                              (1, 16, 32)                       64
  Linear                                 (1, 16)                          528
  GELU                                   (1, 16)                            0
  Dropout                                (1, 16)                            0
  Linear                                 (1, 5)                            85
================================================================================
  Total trainable parameters                                           37,125
================================================================================

Loss: OrdinalLoss

Epoch |   TrLoss |   TrAcc |   VaLoss |   VaAcc |       LR
----------------------------------------------------------
    1 |   1.3590 |  0.4929 |   1.7669 |  0.3577 | 5.00e-04
    2 |   1.1973 |  0.5417 |   2.1825 |  0.3144 | 4.98e-04
    3 |   1.1402 |  0.5565 |   2.7602 |  0.3145 | 4.96e-04
    4 |   1.0944 |  0.5704 |   2.3604 |  0.3771 | 4.92e-04
    5 |   1.0604 |  0.5817 |   1.9731 |  0.3948 | 4.88e-04
    6 |   1.0348 |  0.5929 |   2.4702 |  0.3712 | 4.83e-04
    7 |   1.0067 |  0.5989 |   2.8733 |  0.4504 | 4.76e-04
    8 |   0.9812 |  0.6067 |   2.0795 |  0.4945 | 4.69e-04
    9 |   0.9581 |  0.6149 |   3.9041 |  0.3940 | 4.61e-04
   10 |   0.9425 |  0.6206 |   2.6067 |  0.4708 | 4.53e-04
   11 |   0.9255 |  0.6284 |   1.5466 |  0.4651 | 4.43e-04
   12 |   0.9056 |  0.6356 |   3.3403 |  0.4410 | 4.33e-04
   13 |   0.8895 |  0.6392 |   3.4394 |  0.4807 | 4.22e-04
   14 |   0.8761 |  0.6457 |   2.6244 |  0.4345 | 4.10e-04
   15 |   0.8600 |  0.6487 |   2.8404 |  0.4584 | 3.98e-04
   16 |   0.8489 |  0.6560 |   2.4498 |  0.4558 | 3.85e-04
   17 |   0.8305 |  0.6610 |   2.7684 |  0.4490 | 3.72e-04
   18 |   0.8224 |  0.6656 |   2.5949 |  0.4474 | 3.58e-04
   19 |   0.8134 |  0.6675 |   2.9572 |  0.4451 | 3.44e-04
   20 |   0.8026 |  0.6710 |   2.8977 |  0.4498 | 3.29e-04
   21 |   0.7929 |  0.6764 |   3.1652 |  0.4521 | 3.14e-04
   22 |   0.7904 |  0.6776 |   2.5641 |  0.4306 | 2.99e-04
   23 |   0.7764 |  0.6813 |   3.1446 |  0.4448 | 2.84e-04
   24 |   0.7709 |  0.6835 |   3.6251 |  0.4249 | 2.68e-04
   25 |   0.7631 |  0.6884 |   4.0377 |  0.4367 | 2.52e-04
   26 |   0.7498 |  0.6930 |   3.2550 |  0.4448 | 2.37e-04
   27 |   0.7476 |  0.6937 |   4.3759 |  0.3907 | 2.21e-04
   28 |   0.7390 |  0.6960 |   3.3448 |  0.4146 | 2.06e-04
   29 |   0.7347 |  0.6990 |   3.9832 |  0.4354 | 1.91e-04
   30 |   0.7315 |  0.7000 |   3.5978 |  0.4244 | 1.76e-04
   31 |   0.7268 |  0.6999 |   4.6715 |  0.4167 | 1.61e-04
   32 |   0.7182 |  0.7053 |   3.5768 |  0.4257 | 1.47e-04
   33 |   0.7161 |  0.7043 |   4.6458 |  0.4367 | 1.33e-04
   34 |   0.7118 |  0.7090 |   4.4521 |  0.4416 | 1.20e-04
   35 |   0.7053 |  0.7101 |   4.2511 |  0.4254 | 1.07e-04
   36 |   0.7053 |  0.7119 |   4.5408 |  0.4427 | 9.47e-05
   37 |   0.7008 |  0.7114 |   4.1990 |  0.4375 | 8.31e-05
   38 |   0.6957 |  0.7131 |   4.7669 |  0.4298 | 7.21e-05
   39 |   0.6943 |  0.7139 |   4.0169 |  0.4375 | 6.18e-05
   40 |   0.6903 |  0.7172 |   4.8283 |  0.4392 | 5.23e-05
   41 |   0.6881 |  0.7157 |   4.7225 |  0.4387 | 4.35e-05
   42 |   0.6806 |  0.7199 |   4.7803 |  0.4342 | 3.56e-05
   43 |   0.6865 |  0.7182 |   4.9494 |  0.4364 | 2.86e-05
   44 |   0.6832 |  0.7186 |   4.9208 |  0.4364 | 2.24e-05
   45 |   0.6805 |  0.7188 |   4.8483 |  0.4384 | 1.71e-05
   46 |   0.6779 |  0.7217 |   5.1610 |  0.4334 | 1.28e-05
   47 |   0.6763 |  0.7203 |   5.2536 |  0.4307 | 9.38e-06
   48 |   0.6759 |  0.7227 |   5.2015 |  0.4322 | 6.95e-06
   49 |   0.6792 |  0.7218 |   4.8834 |  0.4382 | 5.49e-06
   50 |   0.6784 |  0.7205 |   5.2122 |  0.4297 | 5.00e-06

============================================================

Test Loss: 1.9020  Accuracy: 0.4897

Classification Report:
              precision    recall  f1-score   support

     RUL>400       0.66      0.84      0.74      1806
     RUL>300       0.34      0.44      0.38      1806
     RUL>200       0.38      0.37      0.37      1806
     RUL>100       0.42      0.34      0.37      1806
     RUL<100       0.72      0.47      0.56      1806

    accuracy                           0.49      9030
   macro avg       0.50      0.49      0.49      9030
weighted avg       0.50      0.49      0.49      9030

Confusion Matrix:
[[1517  255   13    0   21]
 [ 518  793  462   33    0]
 [ 133  662  662  307   42]
 [  97  362  467  609  271]
 [  45  273  137  510  841]]

Saved to ./checkpoints/ISU/
