Device: cuda

Loading BML data...
Loading BML .npz feature files...
  Loaded 143 BML cells
TestCellName = ['MATR_b3c17', 'MATR_b3c40', 'MATR_b3c14', 'MATR_b3c8',
                'MATR_b2c47', 'MATR_b1c0', 'MATR_b4c1', 'MATR_b2c39',
                'MATR_b2c13', 'MATR_b1c34', 'MATR_b2c41', 'MATR_b4c11',
                'MATR_b1c5', 'MATR_b2c44']
Split — Train: 115  Val: 14   Test: 14
Building train dataset...
  Total index entries: 50705
  Class 0: 10141 samples
  Class 1: 10141 samples
  Class 2: 10141 samples
  Class 3: 10141 samples
  Class 4: 10141 samples
  Fitting scalers on subset...
  Scalers fitted.
Building val dataset...
  Total index entries: 6375
  Class 0: 1275 samples
  Class 1: 1275 samples
  Class 2: 1275 samples
  Class 3: 1275 samples
  Class 4: 1275 samples
Building test dataset...
  Total index entries: 5820
  Class 0: 1164 samples
  Class 1: 1164 samples
  Class 2: 1164 samples
  Class 3: 1164 samples
  Class 4: 1164 samples
summary_feats: 12
Model parameters: 37,125

Model Summary:
================================================================================
  Layer                                  Output Shape                  Params
--------------------------------------------------------------------------------
  Conv1d                                 (16, 32, 1000)                   192
  BatchNorm1d                            (16, 32, 1000)                    64
  GELU                                   (16, 32, 1000)                     0
  Dropout                                (16, 32, 1000)                     0
  MaxPool1d                              (16, 32, 500)                      0
  Conv1d                                 (16, 64, 500)                 10,304
  BatchNorm1d                            (16, 64, 500)                    128
  GELU                                   (16, 64, 500)                      0
  Dropout                                (16, 64, 500)                      0
  MaxPool1d                              (16, 64, 250)                      0
  Conv1d                                 (16, 32, 250)                 10,272
  BatchNorm1d                            (16, 32, 250)                     64
  GELU                                   (16, 32, 250)                      0
  Dropout                                (16, 32, 250)                      0
  AdaptiveAvgPool1d                      (16, 32, 1)                        0
  Linear                                 (1, 16, 32)                      416
  GELU                                   (1, 16, 32)                        0
  Dropout                                (1, 16, 32)                        0
  Dropout                                (1, 16, 64)                        0
  Linear                                 (1, 16, 32)                    2,080
  LayerNorm                              (1, 16, 32)                       64
  Dropout                                (1, 16, 32)                        0
  LayerNorm                              (1, 16, 32)                       64
  Linear                                 (1, 16, 32)                    1,056
  Dropout                                (1, 16, 32)                        0
  Linear                                 (1, 16, 32)                    1,056
  Dropout                                (1, 16, 32)                        0
  LayerNorm                              (1, 16, 32)                       64
  Dropout                                (1, 16, 32)                        0
  LayerNorm                              (1, 16, 32)                       64
  Linear                                 (1, 16, 32)                    1,056
  Dropout                                (1, 16, 32)                        0
  Linear                                 (1, 16, 32)                    1,056
  Dropout                                (1, 16, 32)                        0
  LayerNorm                              (1, 16, 32)                       64
  Linear                                 (1, 16)                          528
  GELU                                   (1, 16)                            0
  Dropout                                (1, 16)                            0
  Linear                                 (1, 5)                            85
================================================================================
  Total trainable parameters                                           37,125
================================================================================

Loss: OrdinalLoss

Epoch |   TrLoss |   TrAcc |   VaLoss |   VaAcc |       LR
----------------------------------------------------------
    1 |   0.7011 |  0.7271 |   0.5862 |  0.7393 | 5.00e-04
    2 |   0.4839 |  0.8049 |   0.3721 |  0.8507 | 4.98e-04
    3 |   0.4313 |  0.8285 |   0.4016 |  0.8287 | 4.96e-04
    4 |   0.3988 |  0.8430 |   0.3999 |  0.8392 | 4.92e-04
    5 |   0.3809 |  0.8475 |   0.4468 |  0.8160 | 4.88e-04
    6 |   0.3641 |  0.8529 |   0.3806 |  0.8463 | 4.83e-04
    7 |   0.3537 |  0.8565 |   0.4180 |  0.8191 | 4.76e-04
    8 |   0.3456 |  0.8621 |   0.4239 |  0.8334 | 4.69e-04
    9 |   0.3372 |  0.8649 |   0.4808 |  0.7947 | 4.61e-04
   10 |   0.3293 |  0.8682 |   0.5223 |  0.7724 | 4.53e-04
   11 |   0.3192 |  0.8714 |   0.3867 |  0.8430 | 4.43e-04
   12 |   0.3138 |  0.8741 |   0.3664 |  0.8428 | 4.33e-04
   13 |   0.3067 |  0.8767 |   0.3593 |  0.8389 | 4.22e-04
   14 |   0.3049 |  0.8756 |   0.3941 |  0.8234 | 4.10e-04
   15 |   0.2985 |  0.8786 |   0.3861 |  0.8323 | 3.98e-04
   16 |   0.2947 |  0.8804 |   0.4047 |  0.8253 | 3.85e-04
   17 |   0.2906 |  0.8825 |   0.4172 |  0.8295 | 3.72e-04
   18 |   0.2866 |  0.8825 |   0.4204 |  0.8292 | 3.58e-04
   19 |   0.2832 |  0.8847 |   0.4193 |  0.8325 | 3.44e-04
   20 |   0.2829 |  0.8852 |   0.3837 |  0.8361 | 3.29e-04
   21 |   0.2743 |  0.8884 |   0.3670 |  0.8435 | 3.14e-04
   22 |   0.2741 |  0.8881 |   0.3915 |  0.8328 | 2.99e-04
   23 |   0.2683 |  0.8907 |   0.4110 |  0.8329 | 2.84e-04
   24 |   0.2660 |  0.8934 |   0.4101 |  0.8342 | 2.68e-04
   25 |   0.2677 |  0.8914 |   0.4782 |  0.8166 | 2.52e-04
   26 |   0.2635 |  0.8938 |   0.3862 |  0.8370 | 2.37e-04
   27 |   0.2585 |  0.8966 |   0.4719 |  0.8314 | 2.21e-04
   28 |   0.2576 |  0.8947 |   0.3995 |  0.8325 | 2.06e-04
   29 |   0.2532 |  0.8976 |   0.4347 |  0.8257 | 1.91e-04
   30 |   0.2495 |  0.8982 |   0.4106 |  0.8350 | 1.76e-04
   31 |   0.2483 |  0.9006 |   0.3895 |  0.8376 | 1.61e-04
   32 |   0.2461 |  0.8995 |   0.4145 |  0.8227 | 1.47e-04
   33 |   0.2429 |  0.9009 |   0.4093 |  0.8375 | 1.33e-04
   34 |   0.2425 |  0.9027 |   0.3926 |  0.8347 | 1.20e-04
   35 |   0.2408 |  0.9017 |   0.3986 |  0.8358 | 1.07e-04
   36 |   0.2365 |  0.9023 |   0.4254 |  0.8318 | 9.47e-05
   37 |   0.2344 |  0.9034 |   0.4277 |  0.8292 | 8.31e-05
   38 |   0.2361 |  0.9034 |   0.4194 |  0.8273 | 7.21e-05
   39 |   0.2350 |  0.9062 |   0.4550 |  0.8221 | 6.18e-05
   40 |   0.2351 |  0.9049 |   0.4415 |  0.8226 | 5.23e-05
   41 |   0.2303 |  0.9059 |   0.4364 |  0.8257 | 4.35e-05
   42 |   0.2287 |  0.9065 |   0.4412 |  0.8248 | 3.56e-05
   43 |   0.2304 |  0.9064 |   2.3257 |  0.5260 | 2.86e-05
   44 |   0.2278 |  0.9075 |   0.4435 |  0.8257 | 2.24e-05
   45 |   0.2250 |  0.9093 |   0.4388 |  0.8253 | 1.71e-05
   46 |   0.2269 |  0.9080 |   0.4403 |  0.8292 | 1.28e-05
   47 |   0.2282 |  0.9069 |   0.4904 |  0.8166 | 9.38e-06
   48 |   0.2267 |  0.9076 |   0.4400 |  0.8248 | 6.95e-06
   49 |   0.2259 |  0.9090 |   2.2108 |  0.5523 | 5.49e-06
   50 |   0.2273 |  0.9090 |   0.4491 |  0.8245 | 5.00e-06

============================================================

Test Loss: 0.5885  Accuracy: 0.7744

Classification Report:
              precision    recall  f1-score   support

     RUL>400       0.95      0.83      0.89      1164
     RUL>300       0.72      0.55      0.63      1164
     RUL>200       0.61      0.76      0.68      1164
     RUL>100       0.75      0.80      0.78      1164
     RUL<100       0.89      0.93      0.91      1164

    accuracy                           0.77      5820
   macro avg       0.78      0.77      0.77      5820
weighted avg       0.78      0.77      0.77      5820

Confusion Matrix:
[[ 970  188    6    0    0]
 [  52  644  465    3    0]
 [   0   64  885  215    0]
 [   0    0   98  927  139]
 [   0    0    0   83 1081]]

Saved to ./checkpoints/MATR/