Device: cuda
Logging to: ./checkpoints/Tongji\Info_log.txt

Loading BML data...
Loading BML .npz feature files...
  Loaded 97 BML cells
TestCellName = ['Tongji1_CY45-05_1--14', 'Tongji1_CY25-025_1--4', 'Tongji1_CY25-1_1--3', 'Tongji1_CY25-1_1--2',
                'Tongji1_CY45-05_1--24', 'Tongji2_CY45-05_1--20', 'Tongji3_CY25-05_4--3', 'Tongji3_CY25-05_4--2',
                'Tongji2_CY25-05_1--15']
Split — Train: 79  Val: 9   Test: 9
Building train dataset...
  Total index entries: 17055
  Class 0: 3411 samples
  Class 1: 3411 samples
  Class 2: 3411 samples
  Class 3: 3411 samples
  Class 4: 3411 samples
  Fitting scalers on subset...
  Scalers fitted.
Building val dataset...
  Total index entries: 1630
  Class 0: 326 samples
  Class 1: 326 samples
  Class 2: 326 samples
  Class 3: 326 samples
  Class 4: 326 samples
Building test dataset...
  Total index entries: 1965
  Class 0: 393 samples
  Class 1: 393 samples
  Class 2: 393 samples
  Class 3: 393 samples
  Class 4: 393 samples
summary_feats: 12
Model parameters: 48,293

Model Summary:
================================================================================
  Layer                                  Output Shape                  Params
--------------------------------------------------------------------------------
  Conv1d                                 (16, 16, 1000)                    96
  BatchNorm1d                            (16, 16, 1000)                    32
  ELU                                    (16, 16, 1000)                     0
  Dropout                                (16, 16, 1000)                     0
  MaxPool1d                              (16, 16, 500)                      0
  Conv1d                                 (16, 32, 500)                  2,592
  BatchNorm1d                            (16, 32, 500)                     64
  ELU                                    (16, 32, 500)                      0
  Dropout                                (16, 32, 500)                      0
  MaxPool1d                              (16, 32, 250)                      0
  Conv1d                                 (16, 32, 250)                  5,152
  BatchNorm1d                            (16, 32, 250)                     64
  ELU                                    (16, 32, 250)                      0
  Dropout                                (16, 32, 250)                      0
  AdaptiveAvgPool1d                      (16, 32, 1)                        0
  Linear                                 (1, 16, 32)                      416
  ELU                                    (1, 16, 32)                        0
  Dropout                                (1, 16, 32)                        0
  Dropout                                (1, 16, 64)                        0
  GRU                                    ?                             37,632
  Dropout                                (1, 64)                            0
  Linear                                 (1, 32)                        2,080
  ELU                                    (1, 32)                            0
  Dropout                                (1, 32)                            0
  Linear                                 (1, 5)                           165
================================================================================
  Total trainable parameters                                           48,293
================================================================================

Loss: OrdinalLoss

Epoch |   TrLoss |   TrAcc |   VaLoss |   VaAcc |       LR
----------------------------------------------------------
    1 |   0.8712 |  0.6703 |   0.7850 |  0.7252 | 1.00e-03
    2 |   0.6696 |  0.7399 |   0.8991 |  0.6337 | 1.00e-03
    3 |   0.4826 |  0.8074 |   0.4731 |  0.8117 | 1.00e-03
    4 |   0.3835 |  0.8419 |   0.4232 |  0.8123 | 1.00e-03
    5 |   0.3409 |  0.8614 |   0.4530 |  0.8196 | 1.00e-03
    6 |   0.3111 |  0.8713 |   0.3025 |  0.8571 | 1.00e-03
    7 |   0.2902 |  0.8782 |   0.3788 |  0.8393 | 1.00e-03
    8 |   0.2640 |  0.8917 |   0.3476 |  0.8521 | 1.00e-03
    9 |   0.2522 |  0.8942 |   0.4447 |  0.8166 | 1.00e-03
   10 |   0.2403 |  0.8999 |   0.3775 |  0.8417 | 1.00e-03
   11 |   0.2308 |  0.9034 |   0.4247 |  0.8319 | 1.00e-03
   12 |   0.2248 |  0.9040 |   0.4107 |  0.8282 | 1.00e-03
   13 |   0.2187 |  0.9074 |   0.4064 |  0.8423 | 5.00e-04
   14 |   0.1887 |  0.9196 |   0.4454 |  0.8270 | 5.00e-04
   15 |   0.1847 |  0.9223 |   0.4281 |  0.8301 | 5.00e-04
   16 |   0.1865 |  0.9224 |   0.4931 |  0.8104 | 5.00e-04
   17 |   0.1762 |  0.9272 |   0.5265 |  0.8067 | 5.00e-04
   18 |   0.1772 |  0.9260 |   0.5092 |  0.8307 | 5.00e-04
   19 |   0.1772 |  0.9268 |   0.4410 |  0.8368 | 5.00e-04
   20 |   0.1698 |  0.9279 |   0.4612 |  0.8337 | 2.50e-04
   21 |   0.1539 |  0.9356 |   0.4714 |  0.8356 | 2.50e-04
   22 |   0.1476 |  0.9407 |   0.4605 |  0.8387 | 2.50e-04
   23 |   0.1543 |  0.9365 |   0.4830 |  0.8350 | 2.50e-04
   24 |   0.1504 |  0.9376 |   0.4410 |  0.8472 | 2.50e-04
   25 |   0.1441 |  0.9400 |   0.5134 |  0.8294 | 2.50e-04
   26 |   0.1444 |  0.9418 |   0.5142 |  0.8362 | 2.50e-04
   27 |   0.1407 |  0.9435 |   0.4713 |  0.8528 | 1.25e-04
   28 |   0.1356 |  0.9445 |   0.5043 |  0.8307 | 1.25e-04
   29 |   0.1368 |  0.9428 |   0.5087 |  0.8423 | 1.25e-04
   30 |   0.1322 |  0.9447 |   0.5123 |  0.8380 | 1.25e-04
   31 |   0.1364 |  0.9431 |   0.5041 |  0.8307 | 1.25e-04
   32 |   0.1308 |  0.9452 |   0.5543 |  0.8264 | 1.25e-04
   33 |   0.1327 |  0.9440 |   0.5367 |  0.8313 | 1.25e-04
   34 |   0.1293 |  0.9480 |   0.5337 |  0.8374 | 6.25e-05
   35 |   0.1300 |  0.9462 |   0.5178 |  0.8380 | 6.25e-05
   36 |   0.1292 |  0.9465 |   0.5459 |  0.8313 | 6.25e-05
   37 |   0.1260 |  0.9488 |   0.5369 |  0.8313 | 6.25e-05
   38 |   0.1262 |  0.9486 |   0.5391 |  0.8380 | 6.25e-05
   39 |   0.1235 |  0.9499 |   0.5542 |  0.8252 | 6.25e-05
   40 |   0.1242 |  0.9495 |   0.5361 |  0.8337 | 6.25e-05
   41 |   0.1242 |  0.9492 |   0.5578 |  0.8331 | 3.13e-05
   42 |   0.1221 |  0.9502 |   0.5663 |  0.8288 | 3.13e-05
   43 |   0.1189 |  0.9509 |   0.5578 |  0.8276 | 3.13e-05
   44 |   0.1273 |  0.9480 |   0.5605 |  0.8270 | 3.13e-05
   45 |   0.1244 |  0.9496 |   0.5445 |  0.8337 | 3.13e-05
   46 |   0.1213 |  0.9496 |   0.5379 |  0.8350 | 3.13e-05
   47 |   0.1185 |  0.9522 |   0.5507 |  0.8350 | 3.13e-05
   48 |   0.1230 |  0.9488 |   0.5630 |  0.8301 | 1.56e-05
   49 |   0.1203 |  0.9507 |   0.5543 |  0.8307 | 1.56e-05
   50 |   0.1209 |  0.9507 |   0.5657 |  0.8282 | 1.56e-05

============================================================

Test Loss: 0.2917  Accuracy: 0.8667

Classification Report:
              precision    recall  f1-score   support

     RUL>400       0.92      0.88      0.90       393
     RUL>300       0.84      0.83      0.83       393
     RUL>200       0.82      0.90      0.86       393
     RUL>100       0.83      0.83      0.83       393
     RUL<100       0.92      0.90      0.91       393

    accuracy                           0.87      1965
   macro avg       0.87      0.87      0.87      1965
weighted avg       0.87      0.87      0.87      1965

Confusion Matrix:
[[344  49   0   0   0]
 [ 28 325  40   0   0]
 [  0  14 352  27   0]
 [  0   0  36 327  30]
 [  0   0   0  38 355]]

Saved to ./checkpoints/Tongji/
