Device: cuda

Loading BML data...
Loading BML .npz feature files...
  Loaded 140 BML cells
TestCellName = ['ZN-coin_436-3_20231227204657_03_7', 'ZN-coin_202_20231213213655_03_3', 'ZN-coin_437-3_20231227204717_04_2', 'ZN-coin_436-2_20231227204653_03_6',
                'ZN-coin_406-1_20231209231531_08_5', 'ZN-coin_433-1_20231227204534_01_4', 'ZN-coin_418-3_20231209234252_11_3', 'ZN-coin_434-3_20231227204618_03_1',
                'ZN-coin_446-3_20240104212550_07_4', 'ZN-coin_402-2_20231209225727_01_2', 'ZN-coin_441-2_20231227204859_08_5', 'ZN-coin_437-1_20231227204706_03_8',
                'ZN-coin_204-1_20231205230212_07_1', 'ZN-coin_204-3_20231205230221_07_3']
Split — Train: 112  Val: 14   Test: 14
Building train dataset...
  Total index entries: 17000
  Class 0: 3400 samples
  Class 1: 3400 samples
  Class 2: 3400 samples
  Class 3: 3400 samples
  Class 4: 3400 samples
  Fitting scalers on subset...
  Scalers fitted.
Building val dataset...
  Total index entries: 970
  Class 0: 194 samples
  Class 1: 194 samples
  Class 2: 194 samples
  Class 3: 194 samples
  Class 4: 194 samples
Building test dataset...
  Total index entries: 3625
  Class 0: 725 samples
  Class 1: 725 samples
  Class 2: 725 samples
  Class 3: 725 samples
  Class 4: 725 samples
summary_feats: 12
Model parameters: 37,125

Model Summary:
================================================================================
  Layer                                  Output Shape                  Params
--------------------------------------------------------------------------------
  Conv1d                                 (16, 32, 1000)                   192
  BatchNorm1d                            (16, 32, 1000)                    64
  GELU                                   (16, 32, 1000)                     0
  Dropout                                (16, 32, 1000)                     0
  MaxPool1d                              (16, 32, 500)                      0
  Conv1d                                 (16, 64, 500)                 10,304
  BatchNorm1d                            (16, 64, 500)                    128
  GELU                                   (16, 64, 500)                      0
  Dropout                                (16, 64, 500)                      0
  MaxPool1d                              (16, 64, 250)                      0
  Conv1d                                 (16, 32, 250)                 10,272
  BatchNorm1d                            (16, 32, 250)                     64
  GELU                                   (16, 32, 250)                      0
  Dropout                                (16, 32, 250)                      0
  AdaptiveAvgPool1d                      (16, 32, 1)                        0
  Linear                                 (1, 16, 32)                      416
  GELU                                   (1, 16, 32)                        0
  Dropout                                (1, 16, 32)                        0
  Dropout                                (1, 16, 64)                        0
  Linear                                 (1, 16, 32)                    2,080
  LayerNorm                              (1, 16, 32)                       64
  Dropout                                (1, 16, 32)                        0
  LayerNorm                              (1, 16, 32)                       64
  Linear                                 (1, 16, 32)                    1,056
  Dropout                                (1, 16, 32)                        0
  Linear                                 (1, 16, 32)                    1,056
  Dropout                                (1, 16, 32)                        0
  LayerNorm                              (1, 16, 32)                       64
  Dropout                                (1, 16, 32)                        0
  LayerNorm                              (1, 16, 32)                       64
  Linear                                 (1, 16, 32)                    1,056
  Dropout                                (1, 16, 32)                        0
  Linear                                 (1, 16, 32)                    1,056
  Dropout                                (1, 16, 32)                        0
  LayerNorm                              (1, 16, 32)                       64
  Linear                                 (1, 16)                          528
  GELU                                   (1, 16)                            0
  Dropout                                (1, 16)                            0
  Linear                                 (1, 5)                            85
================================================================================
  Total trainable parameters                                           37,125
================================================================================

Loss: OrdinalLoss

Epoch |   TrLoss |   TrAcc |   VaLoss |   VaAcc |       LR
----------------------------------------------------------
    1 |   1.9681 |  0.3298 |   2.3615 |  0.2000 | 5.00e-04
    2 |   1.8871 |  0.3486 |   2.3674 |  0.2000 | 4.98e-04
    3 |   1.8777 |  0.3572 |   2.7116 |  0.2000 | 4.96e-04
    4 |   1.8694 |  0.3526 |   3.7391 |  0.2000 | 4.92e-04
    5 |   1.8573 |  0.3523 |   3.5402 |  0.2000 | 4.88e-04
    6 |   1.8274 |  0.3692 |   3.0134 |  0.2000 | 4.83e-04
    7 |   1.8070 |  0.3794 |   2.4707 |  0.2000 | 4.76e-04
    8 |   1.7915 |  0.3892 |   3.4862 |  0.2000 | 4.69e-04
    9 |   1.7825 |  0.4019 |   2.8510 |  0.2000 | 4.61e-04
   10 |   1.7754 |  0.4146 |   2.3774 |  0.2567 | 4.53e-04
   11 |   1.7759 |  0.4053 |   2.5578 |  0.3000 | 4.43e-04
   12 |   1.7672 |  0.4122 |   2.8165 |  0.3619 | 4.33e-04
   13 |   1.7581 |  0.4188 |   4.0488 |  0.2536 | 4.22e-04
   14 |   1.7568 |  0.4235 |   4.2026 |  0.2000 | 4.10e-04
   15 |   1.7526 |  0.4269 |   2.5505 |  0.2680 | 3.98e-04
   16 |   1.7448 |  0.4271 |   3.2817 |  0.2680 | 3.85e-04
   17 |   1.7469 |  0.4257 |   2.0607 |  0.3371 | 3.72e-04
   18 |   1.7451 |  0.4271 |   2.8628 |  0.2000 | 3.58e-04
   19 |   1.7414 |  0.4272 |   3.6911 |  0.2000 | 3.44e-04
   20 |   1.7466 |  0.4271 |   2.5265 |  0.1887 | 3.29e-04
   21 |   1.7416 |  0.4328 |   2.3597 |  0.2000 | 3.14e-04
   22 |   1.7411 |  0.4302 |   1.9307 |  0.3351 | 2.99e-04
   23 |   1.7374 |  0.4306 |   2.4457 |  0.2000 | 2.84e-04
   24 |   1.7352 |  0.4357 |   2.0905 |  0.2763 | 2.68e-04
   25 |   1.7339 |  0.4331 |   2.0052 |  0.3309 | 2.52e-04
   26 |   1.7366 |  0.4348 |   2.4726 |  0.2320 | 2.37e-04
   27 |   1.7302 |  0.4384 |   2.0411 |  0.3196 | 2.21e-04
   28 |   1.7287 |  0.4370 |   1.9350 |  0.2660 | 2.06e-04
   29 |   1.7277 |  0.4389 |   2.0722 |  0.4186 | 1.91e-04
   30 |   1.7290 |  0.4375 |   2.0085 |  0.4351 | 1.76e-04
   31 |   1.7254 |  0.4393 |   1.8841 |  0.3979 | 1.61e-04
   32 |   1.7218 |  0.4406 |   2.4509 |  0.2701 | 1.47e-04
   33 |   1.7270 |  0.4404 |   2.2768 |  0.3515 | 1.33e-04
   34 |   1.7202 |  0.4433 |   2.2836 |  0.2753 | 1.20e-04
   35 |   1.7228 |  0.4384 |   1.9953 |  0.3031 | 1.07e-04
   36 |   1.7247 |  0.4458 |   2.1349 |  0.3052 | 9.47e-05
   37 |   1.7195 |  0.4435 |   2.7315 |  0.3598 | 8.31e-05
   38 |   1.7144 |  0.4404 |   2.5278 |  0.3742 | 7.21e-05
   39 |   1.7195 |  0.4396 |   2.7221 |  0.3660 | 6.18e-05
   40 |   1.7178 |  0.4452 |   2.7910 |  0.3835 | 5.23e-05
   41 |   1.7202 |  0.4376 |   2.7263 |  0.3567 | 4.35e-05
   42 |   1.7159 |  0.4422 |   2.7327 |  0.3742 | 3.56e-05
   43 |   1.7189 |  0.4401 |   2.7935 |  0.3773 | 2.86e-05
   44 |   1.7145 |  0.4495 |   2.7542 |  0.3639 | 2.24e-05
   45 |   1.7183 |  0.4404 |   2.7730 |  0.3814 | 1.71e-05
   46 |   1.7174 |  0.4436 |   2.7167 |  0.3753 | 1.28e-05
   47 |   1.7172 |  0.4452 |   2.8035 |  0.3794 | 9.38e-06
   48 |   1.7128 |  0.4509 |   2.7634 |  0.3711 | 6.95e-06
   49 |   1.7140 |  0.4475 |   2.7599 |  0.3742 | 5.49e-06
   50 |   1.7163 |  0.4486 |   2.7555 |  0.3773 | 5.00e-06

============================================================

Test Loss: 1.7291  Accuracy: 0.4703

Classification Report:
              precision    recall  f1-score   support

     RUL>400       0.67      0.50      0.57       725
     RUL>300       0.51      0.32      0.40       725
     RUL>200       0.38      0.74      0.51       725
     RUL>100       0.55      0.14      0.22       725
     RUL<100       0.45      0.65      0.53       725

    accuracy                           0.47      3625
   macro avg       0.51      0.47      0.44      3625
weighted avg       0.51      0.47      0.44      3625

Confusion Matrix:
[[366 131 102  37  89]
 [ 46 234 436   0   9]
 [ 46   0 537   0 142]
 [ 46   0 249  98 332]
 [ 46  93  73  43 470]]

Saved to ./checkpoints/ZN-coin/