Device: cuda

Loading BML data...
Loading BML .npz feature files...
  Loaded 97 BML cells
TestCellName = ['Tongji1_CY45-05_1--14', 'Tongji1_CY25-025_1--4', 'Tongji1_CY25-1_1--3', 'Tongji1_CY25-1_1--2',
                'Tongji1_CY45-05_1--24', 'Tongji2_CY45-05_1--20', 'Tongji3_CY25-05_4--3', 'Tongji3_CY25-05_4--2',
                'Tongji2_CY25-05_1--15']
Split — Train: 79  Val: 9   Test: 9
Building train dataset...
  Total index entries: 17055
  Class 0: 3411 samples
  Class 1: 3411 samples
  Class 2: 3411 samples
  Class 3: 3411 samples
  Class 4: 3411 samples
  Fitting scalers on subset...
  Scalers fitted.
Building val dataset...
  Total index entries: 1630
  Class 0: 326 samples
  Class 1: 326 samples
  Class 2: 326 samples
  Class 3: 326 samples
  Class 4: 326 samples
Building test dataset...
  Total index entries: 1965
  Class 0: 393 samples
  Class 1: 393 samples
  Class 2: 393 samples
  Class 3: 393 samples
  Class 4: 393 samples
summary_feats: 12
Model parameters: 37,125

Model Summary:
================================================================================
  Layer                                  Output Shape                  Params
--------------------------------------------------------------------------------
  Conv1d                                 (16, 32, 1000)                   192
  BatchNorm1d                            (16, 32, 1000)                    64
  GELU                                   (16, 32, 1000)                     0
  Dropout                                (16, 32, 1000)                     0
  MaxPool1d                              (16, 32, 500)                      0
  Conv1d                                 (16, 64, 500)                 10,304
  BatchNorm1d                            (16, 64, 500)                    128
  GELU                                   (16, 64, 500)                      0
  Dropout                                (16, 64, 500)                      0
  MaxPool1d                              (16, 64, 250)                      0
  Conv1d                                 (16, 32, 250)                 10,272
  BatchNorm1d                            (16, 32, 250)                     64
  GELU                                   (16, 32, 250)                      0
  Dropout                                (16, 32, 250)                      0
  AdaptiveAvgPool1d                      (16, 32, 1)                        0
  Linear                                 (1, 16, 32)                      416
  GELU                                   (1, 16, 32)                        0
  Dropout                                (1, 16, 32)                        0
  Dropout                                (1, 16, 64)                        0
  Linear                                 (1, 16, 32)                    2,080
  LayerNorm                              (1, 16, 32)                       64
  Dropout                                (1, 16, 32)                        0
  LayerNorm                              (1, 16, 32)                       64
  Linear                                 (1, 16, 32)                    1,056
  Dropout                                (1, 16, 32)                        0
  Linear                                 (1, 16, 32)                    1,056
  Dropout                                (1, 16, 32)                        0
  LayerNorm                              (1, 16, 32)                       64
  Dropout                                (1, 16, 32)                        0
  LayerNorm                              (1, 16, 32)                       64
  Linear                                 (1, 16, 32)                    1,056
  Dropout                                (1, 16, 32)                        0
  Linear                                 (1, 16, 32)                    1,056
  Dropout                                (1, 16, 32)                        0
  LayerNorm                              (1, 16, 32)                       64
  Linear                                 (1, 16)                          528
  GELU                                   (1, 16)                            0
  Dropout                                (1, 16)                            0
  Linear                                 (1, 5)                            85
================================================================================
  Total trainable parameters                                           37,125
================================================================================

Loss: OrdinalLoss

Epoch |   TrLoss |   TrAcc |   VaLoss |   VaAcc |       LR
----------------------------------------------------------
    1 |   1.0907 |  0.5964 |   1.4055 |  0.4607 | 5.00e-04
    2 |   0.8124 |  0.6991 |   1.4247 |  0.4730 | 4.98e-04
    3 |   0.7193 |  0.7217 |   1.1735 |  0.5485 | 4.96e-04
    4 |   0.6545 |  0.7434 |   1.2364 |  0.4957 | 4.92e-04
    5 |   0.5960 |  0.7641 |   1.3006 |  0.5006 | 4.88e-04
    6 |   0.5542 |  0.7763 |   0.8584 |  0.6061 | 4.83e-04
    7 |   0.5334 |  0.7810 |   1.2543 |  0.5215 | 4.76e-04
    8 |   0.5149 |  0.7954 |   0.8923 |  0.6239 | 4.69e-04
    9 |   0.4841 |  0.8088 |   0.6997 |  0.6761 | 4.61e-04
   10 |   0.4915 |  0.8065 |   0.7171 |  0.6896 | 4.53e-04
   11 |   0.4820 |  0.8083 |   0.7797 |  0.6626 | 4.43e-04
   12 |   0.4756 |  0.8107 |   0.6555 |  0.7307 | 4.33e-04
   13 |   0.4514 |  0.8219 |   0.4062 |  0.8368 | 4.22e-04
   14 |   0.4413 |  0.8259 |   0.5020 |  0.7920 | 4.10e-04
   15 |   0.4355 |  0.8277 |   0.5405 |  0.7798 | 3.98e-04
   16 |   0.4230 |  0.8352 |   0.4894 |  0.7865 | 3.85e-04
   17 |   0.4194 |  0.8345 |   0.4633 |  0.8141 | 3.72e-04
   18 |   0.4187 |  0.8333 |   0.5295 |  0.7877 | 3.58e-04
   19 |   0.4092 |  0.8407 |   0.5755 |  0.7718 | 3.44e-04
   20 |   0.4044 |  0.8414 |   0.6528 |  0.7546 | 3.29e-04
   21 |   0.3896 |  0.8464 |   0.5510 |  0.7859 | 3.14e-04
   22 |   0.3944 |  0.8486 |   0.5248 |  0.7871 | 2.99e-04
   23 |   0.3867 |  0.8510 |   0.3914 |  0.8650 | 2.84e-04
   24 |   0.3781 |  0.8493 |   0.4285 |  0.8313 | 2.68e-04
   25 |   0.3785 |  0.8576 |   0.4856 |  0.8110 | 2.52e-04
   26 |   0.3728 |  0.8534 |   0.4410 |  0.8264 | 2.37e-04
   27 |   0.3720 |  0.8580 |   0.4581 |  0.8252 | 2.21e-04
   28 |   0.3643 |  0.8564 |   0.4235 |  0.8368 | 2.06e-04
   29 |   0.3679 |  0.8574 |   0.5009 |  0.8227 | 1.91e-04
   30 |   0.3613 |  0.8576 |   0.5942 |  0.7816 | 1.76e-04
   31 |   0.3480 |  0.8639 |   0.4963 |  0.8313 | 1.61e-04
   32 |   0.3509 |  0.8629 |   0.4886 |  0.8209 | 1.47e-04
   33 |   0.3524 |  0.8619 |   0.4765 |  0.8393 | 1.33e-04
   34 |   0.3508 |  0.8643 |   0.4763 |  0.8331 | 1.20e-04
   35 |   0.3446 |  0.8653 |   0.5027 |  0.8270 | 1.07e-04
   36 |   0.3399 |  0.8687 |   0.4943 |  0.8374 | 9.47e-05
   37 |   0.3403 |  0.8656 |   0.5024 |  0.8325 | 8.31e-05
   38 |   0.3354 |  0.8702 |   0.5066 |  0.8399 | 7.21e-05
   39 |   0.3391 |  0.8682 |   0.4967 |  0.8337 | 6.18e-05
   40 |   0.3380 |  0.8678 |   0.5145 |  0.8288 | 5.23e-05
   41 |   0.3341 |  0.8709 |   0.4634 |  0.8344 | 4.35e-05
   42 |   0.3377 |  0.8693 |   0.4653 |  0.8387 | 3.56e-05
   43 |   0.3383 |  0.8680 |   0.4868 |  0.8325 | 2.86e-05
   44 |   0.3358 |  0.8734 |   0.4897 |  0.8325 | 2.24e-05
   45 |   0.3306 |  0.8712 |   0.4865 |  0.8319 | 1.71e-05
   46 |   0.3230 |  0.8722 |   0.4889 |  0.8362 | 1.28e-05
   47 |   0.3292 |  0.8722 |   0.4758 |  0.8393 | 9.38e-06
   48 |   0.3310 |  0.8703 |   0.4873 |  0.8380 | 6.95e-06
   49 |   0.3256 |  0.8752 |   0.4779 |  0.8405 | 5.49e-06
   50 |   0.3300 |  0.8737 |   0.4940 |  0.8374 | 5.00e-06

============================================================

Test Loss: 0.4110  Accuracy: 0.8387

Classification Report:
              precision    recall  f1-score   support

     RUL>400       0.91      0.89      0.90       393
     RUL>300       0.75      0.88      0.81       393
     RUL>200       0.74      0.82      0.78       393
     RUL>100       0.86      0.72      0.78       393
     RUL<100       0.97      0.88      0.92       393

    accuracy                           0.84      1965
   macro avg       0.85      0.84      0.84      1965
weighted avg       0.85      0.84      0.84      1965

Confusion Matrix:
[[350  43   0   0   0]
 [ 34 346  13   0   0]
 [  0  70 323   0   0]
 [  0   0  98 284  11]
 [  0   0   0  48 345]]

Saved to ./checkpoints/Tongji/