Device: cuda
Logging to: ./checkpoints/LFP\Info_log.txt

Loading BML data...
Loading BML .npz feature files...
  Loaded 220 BML cells
TestCellName = ['MATR_b1c37', 'HUST_4-7', 'HUST_2-6', 'MATR_b4c23',
                'MATR_b4c15', 'MATR_b2c41', 'MATR_b1c6', 'MATR_b3c14',
                'HUST_3-2', 'HUST_4-8', 'MATR_b1c14', 'MATR_b2c21',
                'HUST_3-3', 'MATR_b1c18', 'MATR_b3c0', 'MATR_b1c31',
                'MATR_b3c28', 'MATR_b3c12', 'HUST_6-1', 'MATR_b1c2',
                'HUST_9-7', 'HUST_10-2']
Split — Train: 176  Val: 22   Test: 22
Building train dataset...
  Total index entries: 80145
  Class 0: 16029 samples
  Class 1: 16029 samples
  Class 2: 16029 samples
  Class 3: 16029 samples
  Class 4: 16029 samples
  Fitting scalers on subset...
  Scalers fitted.
Building val dataset...
  Total index entries: 9885
  Class 0: 1977 samples
  Class 1: 1977 samples
  Class 2: 1977 samples
  Class 3: 1977 samples
  Class 4: 1977 samples
Building test dataset...
  Total index entries: 10215
  Class 0: 2043 samples
  Class 1: 2043 samples
  Class 2: 2043 samples
  Class 3: 2043 samples
  Class 4: 2043 samples
summary_feats: 12
Model parameters: 37,125

Model Summary:
================================================================================
  Layer                                  Output Shape                  Params
--------------------------------------------------------------------------------
  Conv1d                                 (16, 32, 1000)                   192
  BatchNorm1d                            (16, 32, 1000)                    64
  GELU                                   (16, 32, 1000)                     0
  Dropout                                (16, 32, 1000)                     0
  MaxPool1d                              (16, 32, 500)                      0
  Conv1d                                 (16, 64, 500)                 10,304
  BatchNorm1d                            (16, 64, 500)                    128
  GELU                                   (16, 64, 500)                      0
  Dropout                                (16, 64, 500)                      0
  MaxPool1d                              (16, 64, 250)                      0
  Conv1d                                 (16, 32, 250)                 10,272
  BatchNorm1d                            (16, 32, 250)                     64
  GELU                                   (16, 32, 250)                      0
  Dropout                                (16, 32, 250)                      0
  AdaptiveAvgPool1d                      (16, 32, 1)                        0
  Linear                                 (1, 16, 32)                      416
  GELU                                   (1, 16, 32)                        0
  Dropout                                (1, 16, 32)                        0
  Dropout                                (1, 16, 64)                        0
  Linear                                 (1, 16, 32)                    2,080
  LayerNorm                              (1, 16, 32)                       64
  Dropout                                (1, 16, 32)                        0
  LayerNorm                              (1, 16, 32)                       64
  Linear                                 (1, 16, 32)                    1,056
  Dropout                                (1, 16, 32)                        0
  Linear                                 (1, 16, 32)                    1,056
  Dropout                                (1, 16, 32)                        0
  LayerNorm                              (1, 16, 32)                       64
  Dropout                                (1, 16, 32)                        0
  LayerNorm                              (1, 16, 32)                       64
  Linear                                 (1, 16, 32)                    1,056
  Dropout                                (1, 16, 32)                        0
  Linear                                 (1, 16, 32)                    1,056
  Dropout                                (1, 16, 32)                        0
  LayerNorm                              (1, 16, 32)                       64
  Linear                                 (1, 16)                          528
  GELU                                   (1, 16)                            0
  Dropout                                (1, 16)                            0
  Linear                                 (1, 5)                            85
================================================================================
  Total trainable parameters                                           37,125
================================================================================

Loss: OrdinalLoss

Epoch |   TrLoss |   TrAcc |   VaLoss |   VaAcc |       LR
----------------------------------------------------------
    1 |   0.7227 |  0.7136 |   0.6357 |  0.7299 | 5.00e-04
    2 |   0.5147 |  0.7909 |   0.4906 |  0.7905 | 4.98e-04
    3 |   0.4661 |  0.8088 |   0.5006 |  0.7713 | 4.96e-04
    4 |   0.4392 |  0.8190 |   0.4757 |  0.7931 | 4.92e-04
    5 |   0.4197 |  0.8267 |   0.4356 |  0.7988 | 4.88e-04
    6 |   0.4073 |  0.8328 |   0.4785 |  0.7942 | 4.83e-04
    7 |   0.3931 |  0.8383 |   0.4665 |  0.7934 | 4.76e-04
    8 |   0.3824 |  0.8431 |   0.4225 |  0.8181 | 4.69e-04
    9 |   0.3769 |  0.8458 |   0.3756 |  0.8341 | 4.61e-04
   10 |   0.3647 |  0.8498 |   0.3803 |  0.8237 | 4.53e-04
   11 |   0.3621 |  0.8512 |   0.4275 |  0.8082 | 4.43e-04
   12 |   0.3543 |  0.8532 |   0.3720 |  0.8379 | 4.33e-04
   13 |   0.3473 |  0.8556 |   0.4594 |  0.8036 | 4.22e-04
   14 |   0.3443 |  0.8589 |   0.3880 |  0.8429 | 4.10e-04
   15 |   0.3395 |  0.8591 |   0.4090 |  0.8197 | 3.98e-04
   16 |   0.3346 |  0.8622 |   0.4244 |  0.8104 | 3.85e-04
   17 |   0.3281 |  0.8650 |   0.5170 |  0.7830 | 3.72e-04
   18 |   0.3243 |  0.8655 |   0.4583 |  0.7946 | 3.58e-04
   19 |   0.3189 |  0.8678 |   0.5170 |  0.7691 | 3.44e-04
   20 |   0.3182 |  0.8681 |   0.5367 |  0.7798 | 3.29e-04
   21 |   0.3136 |  0.8706 |   0.5610 |  0.7706 | 3.14e-04
   22 |   0.3097 |  0.8722 |   0.5650 |  0.7761 | 2.99e-04
   23 |   0.3030 |  0.8742 |   0.5628 |  0.7665 | 2.84e-04
   24 |   0.3040 |  0.8744 |   0.5500 |  0.7831 | 2.68e-04
   25 |   0.3021 |  0.8743 |   0.6081 |  0.7675 | 2.52e-04
   26 |   0.3007 |  0.8765 |   0.5636 |  0.7862 | 2.37e-04
   27 |   0.2943 |  0.8777 |   0.6724 |  0.7670 | 2.21e-04
   28 |   0.2918 |  0.8791 |   1.0628 |  0.6997 | 2.06e-04
   29 |   0.2912 |  0.8810 |   0.6180 |  0.7618 | 1.91e-04
   30 |   0.2893 |  0.8810 |   0.7672 |  0.7278 | 1.76e-04
   31 |   0.2838 |  0.8831 |   1.4364 |  0.6528 | 1.61e-04
   32 |   0.2843 |  0.8835 |   0.7435 |  0.7392 | 1.47e-04
   33 |   0.2809 |  0.8848 |   0.8739 |  0.7134 | 1.33e-04
   34 |   0.2778 |  0.8856 |   0.7169 |  0.7455 | 1.20e-04
   35 |   0.2765 |  0.8860 |   0.7295 |  0.7454 | 1.07e-04
   36 |   0.2758 |  0.8866 |   0.6840 |  0.7567 | 9.47e-05
   37 |   0.2758 |  0.8868 |   0.7304 |  0.7465 | 8.31e-05
   38 |   0.2711 |  0.8883 |   0.7942 |  0.7318 | 7.21e-05
   39 |   0.2713 |  0.8885 |   0.8324 |  0.7290 | 6.18e-05
   40 |   0.2701 |  0.8888 |   0.8256 |  0.7229 | 5.23e-05
   41 |   0.2674 |  0.8891 |   0.8227 |  0.7256 | 4.35e-05
   42 |   0.2698 |  0.8891 |   0.8053 |  0.7330 | 3.56e-05
   43 |   0.2684 |  0.8902 |   0.8197 |  0.7303 | 2.86e-05
   44 |   0.2661 |  0.8894 |   0.8232 |  0.7325 | 2.24e-05
   45 |   0.2636 |  0.8907 |   0.8430 |  0.7306 | 1.71e-05
   46 |   0.2657 |  0.8890 |   0.8525 |  0.7264 | 1.28e-05
   47 |   0.2640 |  0.8915 |   0.8062 |  0.7364 | 9.38e-06
   48 |   0.2644 |  0.8902 |   1.2085 |  0.6764 | 6.95e-06
   49 |   0.2633 |  0.8924 |   0.8249 |  0.7345 | 5.49e-06
   50 |   0.2617 |  0.8920 |   0.8739 |  0.7230 | 5.00e-06

============================================================

Test Loss: 1.0516  Accuracy: 0.7460

Classification Report:
              precision    recall  f1-score   support

     RUL>400       0.87      0.94      0.90      2043
     RUL>300       0.65      0.80      0.72      2043
     RUL>200       0.69      0.54      0.61      2043
     RUL>100       0.64      0.72      0.68      2043
     RUL<100       0.94      0.73      0.82      2043

    accuracy                           0.75     10215
   macro avg       0.76      0.75      0.75     10215
weighted avg       0.76      0.75      0.75     10215

Confusion Matrix:
[[1913   69   41    7   13]
 [ 295 1634   17   97    0]
 [   0  771 1107  165    0]
 [   0   42  451 1475   75]
 [   0    0    0  552 1491]]

Saved to ./checkpoints/LFP/
