Device: cuda
Logging to: ./checkpoints/ISU\Info_log.txt

Loading BML data...
Loading BML .npz feature files...
  Loaded 240 BML cells
TestCellName = ['ISU-ILCC_G53C4', 'ISU-ILCC_G48C2', 'ISU-ILCC_G40C2', 'ISU-ILCC_G6C4',
                'ISU-ILCC_G23C3', 'ISU-ILCC_G5C2', 'ISU-ILCC_G12C4', 'ISU-ILCC_G31C2',
                'ISU-ILCC_G51C4', 'ISU-ILCC_G43C3', 'ISU-ILCC_G62C1', 'ISU-ILCC_G9C3',
                'ISU-ILCC_G55C2', 'ISU-ILCC_G38C2', 'ISU-ILCC_G40C3', 'ISU-ILCC_G54C1',
                'ISU-ILCC_G52C3', 'ISU-ILCC_G43C1', 'ISU-ILCC_G20C2', 'ISU-ILCC_G62C2',
                'ISU-ILCC_G62C3', 'ISU-ILCC_G36C2', 'ISU-ILCC_G7C3', 'ISU-ILCC_G18C3']
Split — Train: 192  Val: 24   Test: 24
Building train dataset...
  Total index entries: 74355
  Class 0: 14871 samples
  Class 1: 14871 samples
  Class 2: 14871 samples
  Class 3: 14871 samples
  Class 4: 14871 samples
  Fitting scalers on subset...
  Scalers fitted.
Building val dataset...
  Total index entries: 7545
  Class 0: 1509 samples
  Class 1: 1509 samples
  Class 2: 1509 samples
  Class 3: 1509 samples
  Class 4: 1509 samples
Building test dataset...
  Total index entries: 9030
  Class 0: 1806 samples
  Class 1: 1806 samples
  Class 2: 1806 samples
  Class 3: 1806 samples
  Class 4: 1806 samples
summary_feats: 12
Model parameters: 48,293

Model Summary:
================================================================================
  Layer                                  Output Shape                  Params
--------------------------------------------------------------------------------
  Conv1d                                 (16, 16, 1000)                    96
  BatchNorm1d                            (16, 16, 1000)                    32
  ELU                                    (16, 16, 1000)                     0
  Dropout                                (16, 16, 1000)                     0
  MaxPool1d                              (16, 16, 500)                      0
  Conv1d                                 (16, 32, 500)                  2,592
  BatchNorm1d                            (16, 32, 500)                     64
  ELU                                    (16, 32, 500)                      0
  Dropout                                (16, 32, 500)                      0
  MaxPool1d                              (16, 32, 250)                      0
  Conv1d                                 (16, 32, 250)                  5,152
  BatchNorm1d                            (16, 32, 250)                     64
  ELU                                    (16, 32, 250)                      0
  Dropout                                (16, 32, 250)                      0
  AdaptiveAvgPool1d                      (16, 32, 1)                        0
  Linear                                 (1, 16, 32)                      416
  ELU                                    (1, 16, 32)                        0
  Dropout                                (1, 16, 32)                        0
  Dropout                                (1, 16, 64)                        0
  GRU                                    ?                             37,632
  Dropout                                (1, 64)                            0
  Linear                                 (1, 32)                        2,080
  ELU                                    (1, 32)                            0
  Dropout                                (1, 32)                            0
  Linear                                 (1, 5)                           165
================================================================================
  Total trainable parameters                                           48,293
================================================================================

Loss: OrdinalLoss

Epoch |   TrLoss |   TrAcc |   VaLoss |   VaAcc |       LR
----------------------------------------------------------
    1 |   1.2269 |  0.5342 |   1.8572 |  0.3765 | 1.00e-03
    2 |   0.9788 |  0.6142 |   1.5954 |  0.4766 | 1.00e-03
    3 |   0.8213 |  0.6661 |   2.6149 |  0.4517 | 1.00e-03
    4 |   0.7443 |  0.6973 |   2.0766 |  0.4807 | 1.00e-03
    5 |   0.6792 |  0.7208 |   2.8993 |  0.4569 | 1.00e-03
    6 |   0.6309 |  0.7397 |   2.5167 |  0.4732 | 1.00e-03
    7 |   0.5880 |  0.7543 |   3.0344 |  0.4606 | 1.00e-03
    8 |   0.5528 |  0.7673 |   4.1247 |  0.4192 | 1.00e-03
    9 |   0.5339 |  0.7767 |   3.7144 |  0.4146 | 1.00e-03
   10 |   0.5143 |  0.7852 |   3.4328 |  0.4477 | 1.00e-03
   11 |   0.4952 |  0.7934 |   3.9363 |  0.4000 | 5.00e-04
   12 |   0.4369 |  0.8181 |   4.0743 |  0.3911 | 5.00e-04
   13 |   0.4227 |  0.8215 |   5.3963 |  0.4037 | 5.00e-04
   14 |   0.4176 |  0.8264 |   4.8838 |  0.3874 | 5.00e-04
   15 |   0.4079 |  0.8287 |   5.0507 |  0.4061 | 5.00e-04
   16 |   0.4027 |  0.8326 |   5.1844 |  0.3844 | 5.00e-04
   17 |   0.3946 |  0.8348 |   4.9098 |  0.3724 | 5.00e-04
   18 |   0.3873 |  0.8380 |   4.9705 |  0.3759 | 2.50e-04
   19 |   0.3552 |  0.8507 |   5.5214 |  0.3730 | 2.50e-04
   20 |   0.3549 |  0.8509 |   5.0731 |  0.3675 | 2.50e-04
   21 |   0.3468 |  0.8538 |   5.2637 |  0.3682 | 2.50e-04
   22 |   0.3449 |  0.8559 |   6.1941 |  0.3553 | 2.50e-04
   23 |   0.3417 |  0.8583 |   5.6428 |  0.3613 | 2.50e-04
   24 |   0.3439 |  0.8550 |   5.3944 |  0.3708 | 2.50e-04
   25 |   0.3370 |  0.8591 |   6.1509 |  0.3760 | 1.25e-04
   26 |   0.3265 |  0.8637 |   5.6711 |  0.3712 | 1.25e-04
   27 |   0.3212 |  0.8668 |   5.8237 |  0.3604 | 1.25e-04
   28 |   0.3215 |  0.8672 |   6.2603 |  0.3547 | 1.25e-04
   29 |   0.3174 |  0.8673 |   6.3722 |  0.3639 | 1.25e-04
   30 |   0.3167 |  0.8671 |   6.1588 |  0.3617 | 1.25e-04
   31 |   0.3152 |  0.8681 |   5.9976 |  0.3569 | 1.25e-04
   32 |   0.3138 |  0.8701 |   6.0833 |  0.3597 | 6.25e-05
   33 |   0.3023 |  0.8731 |   6.1943 |  0.3539 | 6.25e-05
   34 |   0.3031 |  0.8723 |   6.0182 |  0.3555 | 6.25e-05
   35 |   0.3034 |  0.8746 |   5.9337 |  0.3568 | 6.25e-05
   36 |   0.3044 |  0.8727 |   5.8753 |  0.3571 | 6.25e-05
   37 |   0.3022 |  0.8755 |   6.0445 |  0.3561 | 6.25e-05
   38 |   0.3066 |  0.8720 |   6.9470 |  0.3928 | 6.25e-05
   39 |   0.3041 |  0.8736 |   6.1428 |  0.3541 | 3.13e-05
   40 |   0.2959 |  0.8770 |   6.2497 |  0.3478 | 3.13e-05
   41 |   0.2973 |  0.8767 |   6.2689 |  0.3571 | 3.13e-05
   42 |   0.2932 |  0.8785 |   6.1813 |  0.3523 | 3.13e-05
   43 |   0.2957 |  0.8770 |   6.1205 |  0.3520 | 3.13e-05
   44 |   0.2949 |  0.8785 |   6.1998 |  0.3528 | 3.13e-05
   45 |   0.2951 |  0.8757 |   6.1127 |  0.3573 | 3.13e-05
   46 |   0.2939 |  0.8779 |   6.7189 |  0.3561 | 1.56e-05
   47 |   0.2985 |  0.8763 |   6.4863 |  0.3573 | 1.56e-05
   48 |   0.2932 |  0.8769 |   6.1494 |  0.3569 | 1.56e-05
   49 |   0.2927 |  0.8769 |   6.4555 |  0.3571 | 1.56e-05
   50 |   0.2976 |  0.8755 |   6.7190 |  0.3594 | 1.56e-05

============================================================

Test Loss: 1.2594  Accuracy: 0.5470

Classification Report:
              precision    recall  f1-score   support

     RUL>400       0.84      0.73      0.78      1806
     RUL>300       0.54      0.44      0.48      1806
     RUL>200       0.38      0.47      0.42      1806
     RUL>100       0.38      0.46      0.42      1806
     RUL<100       0.72      0.64      0.67      1806

    accuracy                           0.55      9030
   macro avg       0.57      0.55      0.56      9030
weighted avg       0.57      0.55      0.56      9030

Confusion Matrix:
[[1319  435   37    5   10]
 [ 162  791  773   80    0]
 [  60  164  857  705   20]
 [  38   46  478  825  419]
 [   0   39   92  528 1147]]

Saved to ./checkpoints/ISU/
