Device: cuda
Logging to: ./checkpoints/ZN-coin\Info_log.txt

Loading BML data...
Loading BML .npz feature files...
  Loaded 140 BML cells
TestCellName = ['ZN-coin_436-3_20231227204657_03_7', 'ZN-coin_202_20231213213655_03_3', 'ZN-coin_437-3_20231227204717_04_2', 'ZN-coin_436-2_20231227204653_03_6',
                'ZN-coin_406-1_20231209231531_08_5', 'ZN-coin_433-1_20231227204534_01_4', 'ZN-coin_418-3_20231209234252_11_3', 'ZN-coin_434-3_20231227204618_03_1',
                'ZN-coin_446-3_20240104212550_07_4', 'ZN-coin_402-2_20231209225727_01_2', 'ZN-coin_441-2_20231227204859_08_5', 'ZN-coin_437-1_20231227204706_03_8',
                'ZN-coin_204-1_20231205230212_07_1', 'ZN-coin_204-3_20231205230221_07_3']
Split — Train: 112  Val: 14   Test: 14
Building train dataset...
  Total index entries: 17000
  Class 0: 3400 samples
  Class 1: 3400 samples
  Class 2: 3400 samples
  Class 3: 3400 samples
  Class 4: 3400 samples
  Fitting scalers on subset...
  Scalers fitted.
Building val dataset...
  Total index entries: 970
  Class 0: 194 samples
  Class 1: 194 samples
  Class 2: 194 samples
  Class 3: 194 samples
  Class 4: 194 samples
Building test dataset...
  Total index entries: 3625
  Class 0: 725 samples
  Class 1: 725 samples
  Class 2: 725 samples
  Class 3: 725 samples
  Class 4: 725 samples
summary_feats: 12
Model parameters: 48,293

Model Summary:
================================================================================
  Layer                                  Output Shape                  Params
--------------------------------------------------------------------------------
  Conv1d                                 (16, 16, 1000)                    96
  BatchNorm1d                            (16, 16, 1000)                    32
  ELU                                    (16, 16, 1000)                     0
  Dropout                                (16, 16, 1000)                     0
  MaxPool1d                              (16, 16, 500)                      0
  Conv1d                                 (16, 32, 500)                  2,592
  BatchNorm1d                            (16, 32, 500)                     64
  ELU                                    (16, 32, 500)                      0
  Dropout                                (16, 32, 500)                      0
  MaxPool1d                              (16, 32, 250)                      0
  Conv1d                                 (16, 32, 250)                  5,152
  BatchNorm1d                            (16, 32, 250)                     64
  ELU                                    (16, 32, 250)                      0
  Dropout                                (16, 32, 250)                      0
  AdaptiveAvgPool1d                      (16, 32, 1)                        0
  Linear                                 (1, 16, 32)                      416
  ELU                                    (1, 16, 32)                        0
  Dropout                                (1, 16, 32)                        0
  Dropout                                (1, 16, 64)                        0
  GRU                                    ?                             37,632
  Dropout                                (1, 64)                            0
  Linear                                 (1, 32)                        2,080
  ELU                                    (1, 32)                            0
  Dropout                                (1, 32)                            0
  Linear                                 (1, 5)                           165
================================================================================
  Total trainable parameters                                           48,293
================================================================================

Loss: OrdinalLoss

Epoch |   TrLoss |   TrAcc |   VaLoss |   VaAcc |       LR
----------------------------------------------------------
    1 |   1.9047 |  0.3566 |   2.4079 |  0.2000 | 1.00e-03
    2 |   1.8607 |  0.3518 |   2.3931 |  0.2000 | 1.00e-03
    3 |   1.8569 |  0.3511 |   1.9849 |  0.3371 | 1.00e-03
    4 |   1.8487 |  0.3538 |   2.7711 |  0.2000 | 1.00e-03
    5 |   1.7702 |  0.3949 |   2.4545 |  0.2000 | 1.00e-03
    6 |   1.7359 |  0.4359 |   2.0351 |  0.3000 | 1.00e-03
    7 |   1.7158 |  0.4484 |   2.3014 |  0.2031 | 1.00e-03
    8 |   1.7073 |  0.4549 |   2.5924 |  0.2000 | 1.00e-03
    9 |   1.6978 |  0.4605 |   2.0340 |  0.3577 | 1.00e-03
   10 |   1.6950 |  0.4650 |   2.7819 |  0.2000 | 1.00e-03
   11 |   1.6956 |  0.4686 |   2.4806 |  0.2247 | 1.00e-03
   12 |   1.6906 |  0.4709 |   2.2826 |  0.2887 | 1.00e-03
   13 |   1.6870 |  0.4768 |   2.0553 |  0.3227 | 1.00e-03
   14 |   1.6777 |  0.4816 |   2.5224 |  0.1835 | 1.00e-03
   15 |   1.6763 |  0.4811 |   2.0747 |  0.3856 | 1.00e-03
   16 |   1.6755 |  0.4786 |   3.8530 |  0.2000 | 1.00e-03
   17 |   1.6694 |  0.4874 |   2.6629 |  0.2000 | 1.00e-03
   18 |   1.6690 |  0.4865 |   2.0373 |  0.3918 | 1.00e-03
   19 |   1.6672 |  0.4850 |   3.2673 |  0.2000 | 1.00e-03
   20 |   1.6640 |  0.4856 |   2.2429 |  0.2577 | 1.00e-03
   21 |   1.6651 |  0.4862 |   1.8443 |  0.4464 | 1.00e-03
   22 |   1.6666 |  0.4883 |   1.8866 |  0.4237 | 1.00e-03
   23 |   1.6656 |  0.4907 |   2.3697 |  0.2289 | 1.00e-03
   24 |   1.6615 |  0.4941 |   2.3286 |  0.2000 | 1.00e-03
   25 |   1.6638 |  0.4848 |   2.1479 |  0.3361 | 1.00e-03
   26 |   1.6608 |  0.4888 |   2.2064 |  0.2526 | 1.00e-03
   27 |   1.6594 |  0.4911 |   1.9978 |  0.2619 | 1.00e-03
   28 |   1.6602 |  0.4891 |   2.3907 |  0.2309 | 5.00e-04
   29 |   1.6517 |  0.4916 |   2.3091 |  0.1979 | 5.00e-04
   30 |   1.6478 |  0.4914 |   2.4338 |  0.2526 | 5.00e-04
   31 |   1.6500 |  0.4944 |   2.7110 |  0.1361 | 5.00e-04
   32 |   1.6460 |  0.4969 |   2.1026 |  0.2309 | 5.00e-04
   33 |   1.6457 |  0.4955 |   2.5863 |  0.2124 | 5.00e-04
   34 |   1.6453 |  0.4938 |   2.2801 |  0.2732 | 5.00e-04
   35 |   1.6469 |  0.4931 |   2.3688 |  0.2515 | 2.50e-04
   36 |   1.6395 |  0.4952 |   2.2166 |  0.3186 | 2.50e-04
   37 |   1.6412 |  0.4929 |   2.5823 |  0.2381 | 2.50e-04
   38 |   1.6422 |  0.4972 |   2.2977 |  0.2701 | 2.50e-04
   39 |   1.6412 |  0.4976 |   2.3836 |  0.3649 | 2.50e-04
   40 |   1.6459 |  0.4944 |   2.4886 |  0.1979 | 2.50e-04
   41 |   1.6397 |  0.4962 |   2.5028 |  0.1907 | 2.50e-04
   42 |   1.6382 |  0.5001 |   2.3245 |  0.2557 | 1.25e-04
   43 |   1.6368 |  0.4992 |   2.2764 |  0.3268 | 1.25e-04
   44 |   1.6393 |  0.4976 |   2.3162 |  0.3082 | 1.25e-04
   45 |   1.6356 |  0.4978 |   2.4352 |  0.2381 | 1.25e-04
   46 |   1.6355 |  0.4994 |   2.3609 |  0.3711 | 1.25e-04
   47 |   1.6367 |  0.5009 |   2.4556 |  0.2082 | 1.25e-04
   48 |   1.6379 |  0.4989 |   2.3360 |  0.3330 | 1.25e-04
   49 |   1.6351 |  0.5014 |   2.7378 |  0.1928 | 6.25e-05
   50 |   1.6353 |  0.5001 |   2.3411 |  0.3732 | 6.25e-05

============================================================

Test Loss: 2.1741  Accuracy: 0.3597

Classification Report:
              precision    recall  f1-score   support

     RUL>400       0.70      0.68      0.69       725
     RUL>300       0.30      0.22      0.26       725
     RUL>200       0.00      0.00      0.00       725
     RUL>100       0.27      0.89      0.42       725
     RUL<100       0.00      0.00      0.00       725

    accuracy                           0.36      3625
   macro avg       0.25      0.36      0.27      3625
weighted avg       0.25      0.36      0.27      3625

Confusion Matrix:
[[495  89   0 141   0]
 [ 79 161   0 485   0]
 [ 46 194   0 485   0]
 [ 46  31   0 648   0]
 [ 46  59   0 620   0]]

Saved to ./checkpoints/ZN-coin/
