Device: cuda
Logging to: ./checkpoints/LFP\Info_log.txt

Loading BML data...
Loading BML .npz feature files...
  Loaded 220 BML cells
TestCellName = ['MATR_b1c37', 'HUST_4-7', 'HUST_2-6', 'MATR_b4c23',
                'MATR_b4c15', 'MATR_b2c41', 'MATR_b1c6', 'MATR_b3c14',
                'HUST_3-2', 'HUST_4-8', 'MATR_b1c14', 'MATR_b2c21',
                'HUST_3-3', 'MATR_b1c18', 'MATR_b3c0', 'MATR_b1c31',
                'MATR_b3c28', 'MATR_b3c12', 'HUST_6-1', 'MATR_b1c2',
                'HUST_9-7', 'HUST_10-2']
Split — Train: 176  Val: 22   Test: 22
Building train dataset...
  Total index entries: 80145
  Class 0: 16029 samples
  Class 1: 16029 samples
  Class 2: 16029 samples
  Class 3: 16029 samples
  Class 4: 16029 samples
  Fitting scalers on subset...
  Scalers fitted.
Building val dataset...
  Total index entries: 9885
  Class 0: 1977 samples
  Class 1: 1977 samples
  Class 2: 1977 samples
  Class 3: 1977 samples
  Class 4: 1977 samples
Building test dataset...
  Total index entries: 10215
  Class 0: 2043 samples
  Class 1: 2043 samples
  Class 2: 2043 samples
  Class 3: 2043 samples
  Class 4: 2043 samples
summary_feats: 12
Model parameters: 48,293

Model Summary:
================================================================================
  Layer                                  Output Shape                  Params
--------------------------------------------------------------------------------
  Conv1d                                 (16, 16, 1000)                    96
  BatchNorm1d                            (16, 16, 1000)                    32
  ELU                                    (16, 16, 1000)                     0
  Dropout                                (16, 16, 1000)                     0
  MaxPool1d                              (16, 16, 500)                      0
  Conv1d                                 (16, 32, 500)                  2,592
  BatchNorm1d                            (16, 32, 500)                     64
  ELU                                    (16, 32, 500)                      0
  Dropout                                (16, 32, 500)                      0
  MaxPool1d                              (16, 32, 250)                      0
  Conv1d                                 (16, 32, 250)                  5,152
  BatchNorm1d                            (16, 32, 250)                     64
  ELU                                    (16, 32, 250)                      0
  Dropout                                (16, 32, 250)                      0
  AdaptiveAvgPool1d                      (16, 32, 1)                        0
  Linear                                 (1, 16, 32)                      416
  ELU                                    (1, 16, 32)                        0
  Dropout                                (1, 16, 32)                        0
  Dropout                                (1, 16, 64)                        0
  GRU                                    ?                             37,632
  Dropout                                (1, 64)                            0
  Linear                                 (1, 32)                        2,080
  ELU                                    (1, 32)                            0
  Dropout                                (1, 32)                            0
  Linear                                 (1, 5)                           165
================================================================================
  Total trainable parameters                                           48,293
================================================================================

Loss: OrdinalLoss

Epoch |   TrLoss |   TrAcc |   VaLoss |   VaAcc |       LR
----------------------------------------------------------
    1 |   0.5583 |  0.7648 |   0.5445 |  0.7799 | 1.00e-03
    2 |   0.3898 |  0.8347 |   0.4261 |  0.8055 | 1.00e-03
    3 |   0.3233 |  0.8624 |   0.4052 |  0.8241 | 1.00e-03
    4 |   0.2798 |  0.8817 |   0.4874 |  0.8040 | 1.00e-03
    5 |   0.2555 |  0.8912 |   0.4639 |  0.8263 | 1.00e-03
    6 |   0.2378 |  0.9003 |   0.4544 |  0.8213 | 1.00e-03
    7 |   0.2266 |  0.9038 |   0.4903 |  0.8241 | 1.00e-03
    8 |   0.2159 |  0.9072 |   0.4607 |  0.8275 | 1.00e-03
    9 |   0.2033 |  0.9128 |   0.5307 |  0.8141 | 1.00e-03
   10 |   0.2001 |  0.9147 |   0.5566 |  0.8133 | 1.00e-03
   11 |   0.1906 |  0.9194 |   0.5631 |  0.8168 | 1.00e-03
   12 |   0.1865 |  0.9214 |   0.4799 |  0.8332 | 1.00e-03
   13 |   0.1813 |  0.9234 |   0.4957 |  0.8312 | 1.00e-03
   14 |   0.1744 |  0.9253 |   0.5258 |  0.8293 | 1.00e-03
   15 |   0.1755 |  0.9257 |   0.5059 |  0.8397 | 1.00e-03
   16 |   0.1670 |  0.9292 |   0.5220 |  0.8421 | 1.00e-03
   17 |   0.1646 |  0.9300 |   0.4571 |  0.8500 | 1.00e-03
   18 |   0.1630 |  0.9315 |   0.5199 |  0.8364 | 1.00e-03
   19 |   0.1600 |  0.9325 |   0.5324 |  0.8358 | 1.00e-03
   20 |   0.1584 |  0.9340 |   0.5431 |  0.8380 | 1.00e-03
   21 |   0.1562 |  0.9339 |   0.5202 |  0.8429 | 1.00e-03
   22 |   0.1511 |  0.9363 |   0.5093 |  0.8411 | 1.00e-03
   23 |   0.1510 |  0.9357 |   0.5112 |  0.8443 | 1.00e-03
   24 |   0.1490 |  0.9375 |   0.5922 |  0.8200 | 5.00e-04
   25 |   0.1278 |  0.9460 |   0.6272 |  0.8278 | 5.00e-04
   26 |   0.1248 |  0.9474 |   0.5648 |  0.8411 | 5.00e-04
   27 |   0.1207 |  0.9490 |   0.5689 |  0.8396 | 5.00e-04
   28 |   0.1195 |  0.9503 |   0.5702 |  0.8434 | 5.00e-04
   29 |   0.1182 |  0.9506 |   0.6380 |  0.8359 | 5.00e-04
   30 |   0.1184 |  0.9502 |   0.5832 |  0.8387 | 5.00e-04
   31 |   0.1181 |  0.9505 |   0.6760 |  0.8299 | 2.50e-04
   32 |   0.1057 |  0.9560 |   0.6516 |  0.8314 | 2.50e-04
   33 |   0.1039 |  0.9565 |   0.6538 |  0.8360 | 2.50e-04
   34 |   0.1041 |  0.9555 |   0.6261 |  0.8390 | 2.50e-04
   35 |   0.1018 |  0.9570 |   0.9315 |  0.7863 | 2.50e-04
   36 |   0.1023 |  0.9572 |   0.7124 |  0.8238 | 2.50e-04
   37 |   0.1010 |  0.9574 |   0.6509 |  0.8381 | 2.50e-04
   38 |   0.1001 |  0.9580 |   0.6687 |  0.8359 | 1.25e-04
   39 |   0.0955 |  0.9598 |   0.6753 |  0.8415 | 1.25e-04
   40 |   0.0947 |  0.9600 |   0.6736 |  0.8362 | 1.25e-04
   41 |   0.0924 |  0.9616 |   0.6596 |  0.8392 | 1.25e-04
   42 |   0.0935 |  0.9609 |   0.6719 |  0.8340 | 1.25e-04
   43 |   0.0938 |  0.9608 |   0.6551 |  0.8428 | 1.25e-04
   44 |   0.0928 |  0.9610 |   0.6942 |  0.8368 | 1.25e-04
   45 |   0.0922 |  0.9608 |   0.6783 |  0.8374 | 6.25e-05
   46 |   0.0883 |  0.9626 |   0.6867 |  0.8407 | 6.25e-05
   47 |   0.0905 |  0.9625 |   0.6602 |  0.8417 | 6.25e-05
   48 |   0.0890 |  0.9627 |   0.7017 |  0.8366 | 6.25e-05
   49 |   0.0876 |  0.9637 |   0.7204 |  0.8347 | 6.25e-05
   50 |   0.0898 |  0.9624 |   0.6570 |  0.8434 | 6.25e-05

============================================================

Test Loss: 1.1278  Accuracy: 0.7423

Classification Report:
              precision    recall  f1-score   support

     RUL>400       0.79      0.94      0.86      2043
     RUL>300       0.68      0.64      0.66      2043
     RUL>200       0.63      0.60      0.61      2043
     RUL>100       0.69      0.74      0.71      2043
     RUL<100       0.94      0.80      0.86      2043

    accuracy                           0.74     10215
   macro avg       0.75      0.74      0.74     10215
weighted avg       0.75      0.74      0.74     10215

Confusion Matrix:
[[1912  109   22    0    0]
 [ 452 1301  289    1    0]
 [  49  491 1224  279    0]
 [   0   23  405 1509  106]
 [   0    0    0  406 1637]]

Saved to ./checkpoints/LFP/
