Device: cuda
Logging to: ./checkpoints/HUST\Info_log.txt

Loading BML data...
Loading BML .npz feature files...
  Loaded 77 BML cells
TestCellName = ['HUST_7-5', 'HUST_6-3', 'HUST_6-6', 'HUST_7-6',
                'HUST_5-4', 'HUST_3-2', 'HUST_2-4']
Split — Train: 63  Val: 7   Test: 7
Building train dataset...
  Total index entries: 30555
  Class 0: 6111 samples
  Class 1: 6111 samples
  Class 2: 6111 samples
  Class 3: 6111 samples
  Class 4: 6111 samples
  Fitting scalers on subset...
  Scalers fitted.
Building val dataset...
  Total index entries: 3395
  Class 0: 679 samples
  Class 1: 679 samples
  Class 2: 679 samples
  Class 3: 679 samples
  Class 4: 679 samples
Building test dataset...
  Total index entries: 3395
  Class 0: 679 samples
  Class 1: 679 samples
  Class 2: 679 samples
  Class 3: 679 samples
  Class 4: 679 samples
summary_feats: 12
Model parameters: 37,125

Model Summary:
================================================================================
  Layer                                  Output Shape                  Params
--------------------------------------------------------------------------------
  Conv1d                                 (16, 32, 1000)                   192
  BatchNorm1d                            (16, 32, 1000)                    64
  GELU                                   (16, 32, 1000)                     0
  Dropout                                (16, 32, 1000)                     0
  MaxPool1d                              (16, 32, 500)                      0
  Conv1d                                 (16, 64, 500)                 10,304
  BatchNorm1d                            (16, 64, 500)                    128
  GELU                                   (16, 64, 500)                      0
  Dropout                                (16, 64, 500)                      0
  MaxPool1d                              (16, 64, 250)                      0
  Conv1d                                 (16, 32, 250)                 10,272
  BatchNorm1d                            (16, 32, 250)                     64
  GELU                                   (16, 32, 250)                      0
  Dropout                                (16, 32, 250)                      0
  AdaptiveAvgPool1d                      (16, 32, 1)                        0
  Linear                                 (1, 16, 32)                      416
  GELU                                   (1, 16, 32)                        0
  Dropout                                (1, 16, 32)                        0
  Dropout                                (1, 16, 64)                        0
  Linear                                 (1, 16, 32)                    2,080
  LayerNorm                              (1, 16, 32)                       64
  Dropout                                (1, 16, 32)                        0
  LayerNorm                              (1, 16, 32)                       64
  Linear                                 (1, 16, 32)                    1,056
  Dropout                                (1, 16, 32)                        0
  Linear                                 (1, 16, 32)                    1,056
  Dropout                                (1, 16, 32)                        0
  LayerNorm                              (1, 16, 32)                       64
  Dropout                                (1, 16, 32)                        0
  LayerNorm                              (1, 16, 32)                       64
  Linear                                 (1, 16, 32)                    1,056
  Dropout                                (1, 16, 32)                        0
  Linear                                 (1, 16, 32)                    1,056
  Dropout                                (1, 16, 32)                        0
  LayerNorm                              (1, 16, 32)                       64
  Linear                                 (1, 16)                          528
  GELU                                   (1, 16)                            0
  Dropout                                (1, 16)                            0
  Linear                                 (1, 5)                            85
================================================================================
  Total trainable parameters                                           37,125
================================================================================

Loss: OrdinalLoss

Epoch |   TrLoss |   TrAcc |   VaLoss |   VaAcc |       LR
----------------------------------------------------------
    1 |   0.7622 |  0.7050 |   0.9235 |  0.6404 | 5.00e-04
    2 |   0.4944 |  0.8004 |   0.6838 |  0.7190 | 4.98e-04
    3 |   0.4384 |  0.8252 |   0.6506 |  0.7314 | 4.96e-04
    4 |   0.4097 |  0.8345 |   0.7993 |  0.6954 | 4.92e-04
    5 |   0.3768 |  0.8461 |   0.8960 |  0.6772 | 4.88e-04
    6 |   0.3583 |  0.8550 |   0.6544 |  0.7490 | 4.83e-04
    7 |   0.3528 |  0.8570 |   0.8734 |  0.7184 | 4.76e-04
    8 |   0.3311 |  0.8682 |   1.7222 |  0.6006 | 4.69e-04
    9 |   0.3205 |  0.8714 |   0.9793 |  0.6907 | 4.61e-04
   10 |   0.3039 |  0.8774 |   1.5058 |  0.6230 | 4.53e-04
   11 |   0.2970 |  0.8798 |   0.8510 |  0.7163 | 4.43e-04
   12 |   0.2888 |  0.8853 |   1.4496 |  0.6318 | 4.33e-04
   13 |   0.2875 |  0.8874 |   1.1886 |  0.6795 | 4.22e-04
   14 |   0.2794 |  0.8882 |   1.5676 |  0.6297 | 4.10e-04
   15 |   0.2705 |  0.8910 |   1.2250 |  0.6763 | 3.98e-04
   16 |   0.2643 |  0.8977 |   1.2228 |  0.6736 | 3.85e-04
   17 |   0.2653 |  0.8941 |   1.0614 |  0.7128 | 3.72e-04
   18 |   0.2544 |  0.9001 |   1.4428 |  0.6577 | 3.58e-04
   19 |   0.2468 |  0.9033 |   1.9352 |  0.6118 | 3.44e-04
   20 |   0.2409 |  0.9061 |   2.0474 |  0.5982 | 3.29e-04
   21 |   0.2364 |  0.9071 |   1.8002 |  0.6356 | 3.14e-04
   22 |   0.2343 |  0.9054 |   1.7584 |  0.6557 | 2.99e-04
   23 |   0.2289 |  0.9095 |   1.6037 |  0.6395 | 2.84e-04
   24 |   0.2267 |  0.9107 |   1.7900 |  0.6339 | 2.68e-04
   25 |   0.2229 |  0.9108 |   2.0551 |  0.6085 | 2.52e-04
   26 |   0.2165 |  0.9141 |   2.1538 |  0.6168 | 2.37e-04
   27 |   0.2126 |  0.9165 |   1.8616 |  0.6339 | 2.21e-04
   28 |   0.2136 |  0.9153 |   2.0260 |  0.6218 | 2.06e-04
   29 |   0.2046 |  0.9197 |   2.1774 |  0.6239 | 1.91e-04
   30 |   0.2026 |  0.9209 |   2.2722 |  0.6006 | 1.76e-04
   31 |   0.2024 |  0.9219 |   2.0959 |  0.6283 | 1.61e-04
   32 |   0.1944 |  0.9232 |   2.6493 |  0.5862 | 1.47e-04
   33 |   0.1988 |  0.9225 |   2.2095 |  0.6056 | 1.33e-04
   34 |   0.1918 |  0.9244 |   2.2737 |  0.6218 | 1.20e-04
   35 |   0.1866 |  0.9272 |   2.6950 |  0.5835 | 1.07e-04
   36 |   0.1930 |  0.9244 |   2.5663 |  0.6009 | 9.47e-05
   37 |   0.1899 |  0.9280 |   2.2871 |  0.6177 | 8.31e-05
   38 |   0.1833 |  0.9288 |   2.6599 |  0.5973 | 7.21e-05
   39 |   0.1796 |  0.9303 |   2.7254 |  0.5879 | 6.18e-05
   40 |   0.1801 |  0.9307 |   2.5897 |  0.5918 | 5.23e-05
   41 |   0.1790 |  0.9311 |   2.7260 |  0.5838 | 4.35e-05
   42 |   0.1807 |  0.9293 |   2.6252 |  0.5973 | 3.56e-05
   43 |   0.1787 |  0.9304 |   2.7428 |  0.5950 | 2.86e-05
   44 |   0.1765 |  0.9314 |   2.6409 |  0.5971 | 2.24e-05
   45 |   0.1735 |  0.9325 |   2.7137 |  0.5920 | 1.71e-05
   46 |   0.1756 |  0.9312 |   2.6429 |  0.5979 | 1.28e-05
   47 |   0.1724 |  0.9335 |   2.7923 |  0.5900 | 9.38e-06
   48 |   0.1809 |  0.9298 |   2.4927 |  0.6068 | 6.95e-06
   49 |   0.1727 |  0.9322 |   2.7365 |  0.5923 | 5.49e-06
   50 |   0.1714 |  0.9333 |   2.6767 |  0.5959 | 5.00e-06

============================================================

Test Loss: 0.7474  Accuracy: 0.7140

Classification Report:
              precision    recall  f1-score   support

     RUL>400       0.95      0.97      0.96       679
     RUL>300       0.78      0.91      0.84       679
     RUL>200       0.61      0.78      0.68       679
     RUL>100       0.46      0.54      0.50       679
     RUL<100       1.00      0.37      0.54       679

    accuracy                           0.71      3395
   macro avg       0.76      0.71      0.70      3395
weighted avg       0.76      0.71      0.70      3395

Confusion Matrix:
[[661  18   0   0   0]
 [ 34 620  25   0   0]
 [  0 152 527   0   0]
 [  0   0 311 368   0]
 [  0   0   0 431 248]]

Saved to ./checkpoints/HUST/
