Device: cuda

Loading BML data...
Loading BML .npz feature files...
  Loaded 548 BML cells
TestCellName = ['RWTH_045', 'MICH_BLForm14_pouch_NMC_25C_0-100_1-1C_d', 'Tongji2_CY45-05_1--28', 'XJTU_3C_battery-2',
                'RWTH_003', 'ISU-ILCC_G52C1', 'ISU-ILCC_G46C2', 'ISU-ILCC_G33C4',
                'ISU-ILCC_G1C3', 'ISU-ILCC_G40C1', 'ISU-ILCC_G64C4', 'ISU-ILCC_G63C2',
                'SDU_Battery_50', 'ISU-ILCC_G39C4', 'CALB_0_B188', 'SDU_Battery_25',
                'XJTU_3C_battery-3', 'MICH_BLForm15_pouch_NMC_25C_0-100_1-1C_e', 'ISU-ILCC_G44C1', 'RWTH_023',
                'ISU-ILCC_G31C1', 'ISU-ILCC_G53C2', 'Tongji2_CY45-05_1--15', 'ISU-ILCC_G7C3',
                'ISU-ILCC_G2C1', 'ISU-ILCC_G16C4', 'ISU-ILCC_G60C2', 'MICH_BLForm2_pouch_NMC_45C_0-100_1-1C_b',
                'RWTH_042', 'XJTU_2C_battery-6', 'ISU-ILCC_G57C4', 'SNL_18650_NMC_35C_0-100_0.5-1C_a',
                'SDU_Battery_24', 'ISU-ILCC_G38C1', 'MICH_BLForm20_pouch_NMC_25C_0-100_1-1C_j', 'MICH_MCForm31_pouch_NMC_45C_0-100_1-1C_a',
                'SNL_18650_NMC_15C_0-100_0.5-2C_b', 'Tongji2_CY45-05_1--21', 'ISU-ILCC_G48C2', 'RWTH_026',
                'ISU-ILCC_G46C3', 'ISU-ILCC_G1C1', 'Tongji1_CY25-05_1--4', 'ISU-ILCC_G43C1',
                'Tongji1_CY25-05_1--5', 'ISU-ILCC_G50C1', 'ISU-ILCC_G27C2', 'MICH_MCForm28_pouch_NMC_25C_0-100_1-1C_h',
                'SDU_Battery_75', 'SDU_Battery_63', 'ISU-ILCC_G55C2', 'ISU-ILCC_G43C2',
                'MICH_MCForm40_pouch_NMC_45C_0-100_1-1C_j', 'ISU-ILCC_G48C1']
Split — Train: 440  Val: 54   Test: 54
Building train dataset...
  Total index entries: 131595
  Class 0: 26319 samples
  Class 1: 26319 samples
  Class 2: 26319 samples
  Class 3: 26319 samples
  Class 4: 26319 samples
  Fitting scalers on subset...
  Scalers fitted.
Building val dataset...
  Total index entries: 13170
  Class 0: 2634 samples
  Class 1: 2634 samples
  Class 2: 2634 samples
  Class 3: 2634 samples
  Class 4: 2634 samples
Building test dataset...
  Total index entries: 14975
  Class 0: 2995 samples
  Class 1: 2995 samples
  Class 2: 2995 samples
  Class 3: 2995 samples
  Class 4: 2995 samples
summary_feats: 12
Model parameters: 37,125

Model Summary:
================================================================================
  Layer                                  Output Shape                  Params
--------------------------------------------------------------------------------
  Conv1d                                 (16, 32, 1000)                   192
  BatchNorm1d                            (16, 32, 1000)                    64
  GELU                                   (16, 32, 1000)                     0
  Dropout                                (16, 32, 1000)                     0
  MaxPool1d                              (16, 32, 500)                      0
  Conv1d                                 (16, 64, 500)                 10,304
  BatchNorm1d                            (16, 64, 500)                    128
  GELU                                   (16, 64, 500)                      0
  Dropout                                (16, 64, 500)                      0
  MaxPool1d                              (16, 64, 250)                      0
  Conv1d                                 (16, 32, 250)                 10,272
  BatchNorm1d                            (16, 32, 250)                     64
  GELU                                   (16, 32, 250)                      0
  Dropout                                (16, 32, 250)                      0
  AdaptiveAvgPool1d                      (16, 32, 1)                        0
  Linear                                 (1, 16, 32)                      416
  GELU                                   (1, 16, 32)                        0
  Dropout                                (1, 16, 32)                        0
  Dropout                                (1, 16, 64)                        0
  Linear                                 (1, 16, 32)                    2,080
  LayerNorm                              (1, 16, 32)                       64
  Dropout                                (1, 16, 32)                        0
  LayerNorm                              (1, 16, 32)                       64
  Linear                                 (1, 16, 32)                    1,056
  Dropout                                (1, 16, 32)                        0
  Linear                                 (1, 16, 32)                    1,056
  Dropout                                (1, 16, 32)                        0
  LayerNorm                              (1, 16, 32)                       64
  Dropout                                (1, 16, 32)                        0
  LayerNorm                              (1, 16, 32)                       64
  Linear                                 (1, 16, 32)                    1,056
  Dropout                                (1, 16, 32)                        0
  Linear                                 (1, 16, 32)                    1,056
  Dropout                                (1, 16, 32)                        0
  LayerNorm                              (1, 16, 32)                       64
  Linear                                 (1, 16)                          528
  GELU                                   (1, 16)                            0
  Dropout                                (1, 16)                            0
  Linear                                 (1, 5)                            85
================================================================================
  Total trainable parameters                                           37,125
================================================================================

Loss: OrdinalLoss

Epoch |   TrLoss |   TrAcc |   VaLoss |   VaAcc |       LR
----------------------------------------------------------
    1 |   1.4157 |  0.4717 |   1.5062 |  0.3886 | 5.00e-04
    2 |   1.2819 |  0.5127 |   1.1385 |  0.5231 | 4.98e-04
    3 |   1.2280 |  0.5307 |   1.7476 |  0.4074 | 4.96e-04
    4 |   1.1906 |  0.5424 |   1.8232 |  0.4305 | 4.92e-04
    5 |   1.1591 |  0.5529 |   1.7410 |  0.4676 | 4.88e-04
    6 |   1.1326 |  0.5613 |   2.2106 |  0.4287 | 4.83e-04
    7 |   1.1066 |  0.5690 |   1.5410 |  0.4621 | 4.76e-04
    8 |   1.0762 |  0.5775 |   2.6891 |  0.4116 | 4.69e-04
    9 |   1.0572 |  0.5861 |   2.0981 |  0.4293 | 4.61e-04
   10 |   1.0367 |  0.5913 |   2.3925 |  0.3951 | 4.53e-04
   11 |   1.0224 |  0.5981 |   3.0362 |  0.4179 | 4.43e-04
   12 |   1.0068 |  0.6028 |   2.9723 |  0.3996 | 4.33e-04
   13 |   0.9909 |  0.6067 |   3.0968 |  0.4189 | 4.22e-04
   14 |   0.9789 |  0.6131 |   2.9499 |  0.4102 | 4.10e-04
   15 |   0.9698 |  0.6159 |   3.0070 |  0.4112 | 3.98e-04
   16 |   0.9526 |  0.6206 |   3.6458 |  0.3884 | 3.85e-04
   17 |   0.9413 |  0.6242 |   3.1251 |  0.4090 | 3.72e-04
   18 |   0.9285 |  0.6299 |   4.0668 |  0.3744 | 3.58e-04
   19 |   0.9124 |  0.6360 |   4.4266 |  0.3767 | 3.44e-04
   20 |   0.9067 |  0.6365 |   4.3867 |  0.3631 | 3.29e-04
   21 |   0.8935 |  0.6422 |   3.1113 |  0.3910 | 3.14e-04
   22 |   0.8870 |  0.6447 |   3.2329 |  0.3893 | 2.99e-04
   23 |   0.8793 |  0.6465 |   3.3484 |  0.3648 | 2.84e-04
   24 |   0.8705 |  0.6512 |   4.8080 |  0.3605 | 2.68e-04
   25 |   0.8591 |  0.6542 |   4.6893 |  0.3649 | 2.52e-04
   26 |   0.8546 |  0.6545 |   3.8952 |  0.3614 | 2.37e-04
   27 |   0.8488 |  0.6580 |   5.1998 |  0.3385 | 2.21e-04
   28 |   0.8424 |  0.6622 |   3.7694 |  0.3692 | 2.06e-04
   29 |   0.8340 |  0.6621 |   4.3254 |  0.3809 | 1.91e-04
   30 |   0.8278 |  0.6647 |   3.5726 |  0.3565 | 1.76e-04
   31 |   0.8241 |  0.6661 |   3.9041 |  0.3655 | 1.61e-04
   32 |   0.8152 |  0.6698 |   4.6511 |  0.3519 | 1.47e-04
   33 |   0.8155 |  0.6700 |   4.2250 |  0.3635 | 1.33e-04
   34 |   0.8085 |  0.6726 |   4.9638 |  0.3567 | 1.20e-04
   35 |   0.8026 |  0.6749 |   4.3348 |  0.3512 | 1.07e-04
   36 |   0.8023 |  0.6744 |   4.7762 |  0.3626 | 9.47e-05
   37 |   0.7939 |  0.6780 |   4.5573 |  0.3648 | 8.31e-05
   38 |   0.7936 |  0.6802 |   6.1504 |  0.3311 | 7.21e-05
   39 |   0.7861 |  0.6811 |   4.4964 |  0.3519 | 6.18e-05
   40 |   0.7830 |  0.6819 |   4.6462 |  0.3539 | 5.23e-05
   41 |   0.7809 |  0.6829 |   5.4993 |  0.3473 | 4.35e-05
   42 |   0.7842 |  0.6815 |   4.2007 |  0.3588 | 3.56e-05
   43 |   0.7794 |  0.6831 |   5.7037 |  0.3351 | 2.86e-05
   44 |   0.7787 |  0.6843 |   4.4714 |  0.3488 | 2.24e-05
   45 |   0.7773 |  0.6838 |   5.6062 |  0.3390 | 1.71e-05
   46 |   0.7769 |  0.6843 |   5.3742 |  0.3433 | 1.28e-05
   47 |   0.7742 |  0.6848 |   5.1978 |  0.3482 | 9.38e-06
   48 |   0.7755 |  0.6834 |   4.7269 |  0.3544 | 6.95e-06
   49 |   0.7729 |  0.6847 |   5.4604 |  0.3453 | 5.49e-06
   50 |   0.7761 |  0.6835 |   4.7992 |  0.3575 | 5.00e-06

============================================================

Test Loss: 1.2958  Accuracy: 0.5223

Classification Report:
              precision    recall  f1-score   support

     RUL>400       0.92      0.59      0.72      2995
     RUL>300       0.43      0.46      0.45      2995
     RUL>200       0.41      0.51      0.46      2995
     RUL>100       0.40      0.41      0.41      2995
     RUL<100       0.61      0.64      0.62      2995

    accuracy                           0.52     14975
   macro avg       0.56      0.52      0.53     14975
weighted avg       0.56      0.52      0.53     14975

Confusion Matrix:
[[1777 1064  114   16   24]
 [ 148 1369 1086  290  102]
 [   0  448 1526  812  209]
 [   0  156  723 1236  880]
 [   0  120  253  709 1913]]

Saved to ./checkpoints/NMC/